"Term","Course","Title","Section","CRN","Days","Times","Location","Status","Max","Now","Instructor","Delivery Mode","Credits","Info","Comments"
"202610","BIOL150","LIVING IN A VARIABLE UNIVERSE","002","10271","R","2:30 PM - 5:20 PM","CKB 326","Open","24","8","Fortune, Eric","Face-to-Face","4","https://www.bkstr.com/webapp/wcs/stores/servlet/booklookServlet?bookstore_id-1=584&term_id-1=2026 Spring&crn-1=10271",""
"202610","BIOL150","LIVING IN A VARIABLE UNIVERSE","002","10271","TR","11:30 AM - 12:50 PM","KUPF 211","Open","24","8","Fortune, Eric","Face-to-Face","4","https://www.bkstr.com/webapp/wcs/stores/servlet/booklookServlet?bookstore_id-1=584&term_id-1=2026 Spring&crn-1=10271",""
"202610","BIOL150","LIVING IN A VARIABLE UNIVERSE","004","10272","F","1:00 PM - 3:50 PM","CKB 326","Open","24","8","Russell, Gareth","Face-to-Face","4","https://www.bkstr.com/webapp/wcs/stores/servlet/booklookServlet?bookstore_id-1=584&term_id-1=2026 Spring&crn-1=10272",""
"202610","BIOL150","LIVING IN A VARIABLE UNIVERSE","004","10272","TR","11:30 AM - 12:50 PM","KUPF 211","Open","24","8","Russell, Gareth","Face-to-Face","4","https://www.bkstr.com/webapp/wcs/stores/servlet/booklookServlet?bookstore_id-1=584&term_id-1=2026 Spring&crn-1=10272",""
"202610","BIOL200","CONCEPTS IN BIOLOGY","002","10273","R","10:00 AM - 11:20 AM","CKB 214","Open","25","24","Nelson, Michael","Face-to-Face","4","https://www.bkstr.com/webapp/wcs/stores/servlet/booklookServlet?bookstore_id-1=584&term_id-1=2026 Spring&crn-1=10273",""
"202610","BIOL200","CONCEPTS IN BIOLOGY","002","10273","TR","8:30 AM - 9:50 AM","CULM LECT 1","Open","25","24","Nelson, Michael","Face-to-Face","4","https://www.bkstr.com/webapp/wcs/stores/servlet/booklookServlet?bookstore_id-1=584&term_id-1=2026 Spring&crn-1=10273",""
"202610","BIOL200","CONCEPTS IN BIOLOGY","004","10274","R","4:00 PM - 5:20 PM","CKB 220","Open","25","12","Nelson, Michael","Face-to-Face","4","https://www.bkstr.com/webapp/wcs/stores/servlet/booklookServlet?bookstore_id-1=584&term_id-1=2026 Spring&crn-1=10274",""
"202610","BIOL200","CONCEPTS IN BIOLOGY","004","10274","TR","8:30 AM - 9:50 AM","CULM LECT 1","Open","25","12","Nelson, Michael","Face-to-Face","4","https://www.bkstr.com/webapp/wcs/stores/servlet/booklookServlet?bookstore_id-1=584&term_id-1=2026 Spring&crn-1=10274",""
"202610","BIOL201","FOUND OF BIOL: CELL & MOLECULA","002","10275","MR","10:00 AM - 11:20 AM","CULM LECT 1","Closed","66","66","Yarotsky, John","Face-to-Face","3","https://www.bkstr.com/webapp/wcs/stores/servlet/booklookServlet?bookstore_id-1=584&term_id-1=2026 Spring&crn-1=10275","Students must also register for BIOL 202 - LAB"
"202610","BIOL201","FOUND OF BIOL: CELL & MOLECULA - HONORS","H02","10276","MR","10:00 AM - 11:20 AM","CKB 207","Closed","30","30","Konsolaki, Mary","Face-to-Face","3","https://www.bkstr.com/webapp/wcs/stores/servlet/booklookServlet?bookstore_id-1=584&term_id-1=2026 Spring&crn-1=10276","Students must also register for BIOL 202 - LAB<br />Honors Course"
"202610","BIOL202","FOUND OF BIOL: CELL & MOLECULA","002","10277","T","11:30 AM - 2:20 PM","CKB 326","Closed","24","24","","Face-to-Face","1","https://www.bkstr.com/webapp/wcs/stores/servlet/booklookServlet?bookstore_id-1=584&term_id-1=2026 Spring&crn-1=10277","Students must register for BIOL 201 - Lecture"
"202610","BIOL202","FOUND OF BIOL: CELL & MOLECULA","004","10278","T","8:30 AM - 11:20 AM","CKB 326","Closed","24","24","","Face-to-Face","1","https://www.bkstr.com/webapp/wcs/stores/servlet/booklookServlet?bookstore_id-1=584&term_id-1=2026 Spring&crn-1=10278","Students must register for BIOL 201 - Lecture"
"202610","BIOL202","FOUND OF BIOL: CELL & MOLECULA","006","10279","T","2:30 PM - 5:20 PM","CKB 326","Closed","24","24","","Face-to-Face","1","https://www.bkstr.com/webapp/wcs/stores/servlet/booklookServlet?bookstore_id-1=584&term_id-1=2026 Spring&crn-1=10279","Students must register for BIOL 201 - Lecture"
"202610","BIOL202","FOUND OF BIOL: CELL & MOLECULA","102","10280","T","6:00 PM - 8:50 PM","CKB 326","Closed","24","24","","Face-to-Face","1","https://www.bkstr.com/webapp/wcs/stores/servlet/booklookServlet?bookstore_id-1=584&term_id-1=2026 Spring&crn-1=10280","Students must register for BIOL 201 - Lecture"
"202610","BIOL205","FOUND OF BIO:ECOL & EVOL I","002","10281","TR","8:30 AM - 9:50 AM","GITC 1400","Closed","96","96","Devan, Caroline","Face-to-Face","3","https://www.bkstr.com/webapp/wcs/stores/servlet/booklookServlet?bookstore_id-1=584&term_id-1=2026 Spring&crn-1=10281","Students must also register for BIOL 206 - LAB"
"202610","BIOL206","FOUND OF BIO:ECOL & EVOL LAB","002","10282","F","8:30 AM - 11:20 AM","CKB 328","Closed","24","24","","Face-to-Face","1","https://www.bkstr.com/webapp/wcs/stores/servlet/booklookServlet?bookstore_id-1=584&term_id-1=2026 Spring&crn-1=10282","Students must register for BIOL 205 - Lecture"
"202610","BIOL206","FOUND OF BIO:ECOL & EVOL LAB","004","10283","M","11:30 AM - 2:20 PM","CKB 328","Closed","24","24","","Face-to-Face","1","https://www.bkstr.com/webapp/wcs/stores/servlet/booklookServlet?bookstore_id-1=584&term_id-1=2026 Spring&crn-1=10283","Students must register for BIOL 205 - Lecture"
"202610","BIOL206","FOUND OF BIO:ECOL & EVOL LAB","006","10284","W","11:30 AM - 2:20 PM","CKB 328","Closed","24","24","","Face-to-Face","1","https://www.bkstr.com/webapp/wcs/stores/servlet/booklookServlet?bookstore_id-1=584&term_id-1=2026 Spring&crn-1=10284","Students must register for BIOL 205 - Lecture"
"202610","BIOL206","FOUND OF BIO:ECOL & EVOL LAB","102","10285","T","6:00 PM - 8:50 PM","CKB 328","Open","24","20","","Face-to-Face","1","https://www.bkstr.com/webapp/wcs/stores/servlet/booklookServlet?bookstore_id-1=584&term_id-1=2026 Spring&crn-1=10285","Students must register for BIOL 205 - Lecture"
"202610","BIOL222","EVOLUTION","002","10286","TR","10:00 AM - 11:20 AM","GITC 1100","Closed","30","30","Barden, Phillip","Face-to-Face","3","https://www.bkstr.com/webapp/wcs/stores/servlet/booklookServlet?bookstore_id-1=584&term_id-1=2026 Spring&crn-1=10286",""
"202610","BIOL222","EVOLUTION","004","10287","TR","2:30 PM - 3:50 PM","CULM LECT 1","Closed","20","20","Nelson, Michael","Face-to-Face","3","https://www.bkstr.com/webapp/wcs/stores/servlet/booklookServlet?bookstore_id-1=584&term_id-1=2026 Spring&crn-1=10287",""
"202610","BIOL310","WORK EXPERIENCE I","864","10288","","TBA"," ","Open","19","0","Roach, Karen","Face-to-Face","3","https://www.bkstr.com/webapp/wcs/stores/servlet/booklookServlet?bookstore_id-1=584&term_id-1=2026 Spring&crn-1=10288","See department for permission to enroll."
"202610","BIOL315","PRINCIPLES OF NEUROBIOLOGY","002","10289","MW","11:30 AM - 12:50 PM","KUPF 205","Closed","20","20","Severi, Kristen","Face-to-Face","3","https://www.bkstr.com/webapp/wcs/stores/servlet/booklookServlet?bookstore_id-1=584&term_id-1=2026 Spring&crn-1=10289",""
"202610","BIOL315","PRINCIPLES OF NEUROBIOLOGY","004","10290","TR","1:00 PM - 2:20 PM","CULM 110","Closed","10","10","Soares, Daphne","Face-to-Face","3","https://www.bkstr.com/webapp/wcs/stores/servlet/booklookServlet?bookstore_id-1=584&term_id-1=2026 Spring&crn-1=10290",""
"202610","BIOL337","COLLECTIVE INTEL IN BIOL SYST","002","10291","TR","4:00 PM - 5:20 PM","KUPF 208","Closed","10","10","Garnier, Simon","Face-to-Face","3","https://www.bkstr.com/webapp/wcs/stores/servlet/booklookServlet?bookstore_id-1=584&term_id-1=2026 Spring&crn-1=10291",""
"202610","BIOL340","MAMMALIAN PHYSIOLOGY","002","10292","MR","4:00 PM - 5:20 PM","TIER LECT 2","Closed","10","10","Yarotsky, John","Face-to-Face","4","https://www.bkstr.com/webapp/wcs/stores/servlet/booklookServlet?bookstore_id-1=584&term_id-1=2026 Spring&crn-1=10292",""
"202610","BIOL340","MAMMALIAN PHYSIOLOGY","002","10292","W","8:30 AM - 11:20 AM","CKB 302","Closed","10","10","Yarotsky, John","Face-to-Face","4","https://www.bkstr.com/webapp/wcs/stores/servlet/booklookServlet?bookstore_id-1=584&term_id-1=2026 Spring&crn-1=10292",""
"202610","BIOL340","MAMMALIAN PHYSIOLOGY","004","10293","MR","4:00 PM - 5:20 PM","TIER LECT 2","Closed","10","10","Yarotsky, John","Face-to-Face","4","https://www.bkstr.com/webapp/wcs/stores/servlet/booklookServlet?bookstore_id-1=584&term_id-1=2026 Spring&crn-1=10293",""
"202610","BIOL340","MAMMALIAN PHYSIOLOGY","004","10293","W","11:30 AM - 2:20 PM","CKB 302","Closed","10","10","Yarotsky, John","Face-to-Face","4","https://www.bkstr.com/webapp/wcs/stores/servlet/booklookServlet?bookstore_id-1=584&term_id-1=2026 Spring&crn-1=10293",""
"202610","BIOL340","MAMMALIAN PHYSIOLOGY","006","10294","F","1:00 PM - 3:50 PM"," ","Cancelled","24","0","","Face-to-Face","4","https://www.bkstr.com/webapp/wcs/stores/servlet/booklookServlet?bookstore_id-1=584&term_id-1=2026 Spring&crn-1=10294","Cancelled 11/05/25"
"202610","BIOL340","MAMMALIAN PHYSIOLOGY","006","10294","MR","4:00 PM - 5:20 PM"," ","Cancelled","24","0","","Face-to-Face","4","https://www.bkstr.com/webapp/wcs/stores/servlet/booklookServlet?bookstore_id-1=584&term_id-1=2026 Spring&crn-1=10294","Cancelled 11/05/25"
"202610","BIOL340","MAMMALIAN PHYSIOLOGY","008","10295","MW","10:00 AM - 11:20 AM","KUPF 117","Closed","10","10","Bucher, Dirk","Face-to-Face","4","https://www.bkstr.com/webapp/wcs/stores/servlet/booklookServlet?bookstore_id-1=584&term_id-1=2026 Spring&crn-1=10295",""
"202610","BIOL340","MAMMALIAN PHYSIOLOGY","008","10295","T","10:00 AM - 12:50 PM","CKB 302","Closed","10","10","Bucher, Dirk","Face-to-Face","4","https://www.bkstr.com/webapp/wcs/stores/servlet/booklookServlet?bookstore_id-1=584&term_id-1=2026 Spring&crn-1=10295",""
"202610","BIOL340","MAMMALIAN PHYSIOLOGY","010","10296","MW","10:00 AM - 11:20 AM","KUPF 117","Closed","10","10","Bucher, Dirk","Face-to-Face","4","https://www.bkstr.com/webapp/wcs/stores/servlet/booklookServlet?bookstore_id-1=584&term_id-1=2026 Spring&crn-1=10296",""
"202610","BIOL340","MAMMALIAN PHYSIOLOGY","010","10296","T","2:30 PM - 5:20 PM","CKB 302","Closed","10","10","Bucher, Dirk","Face-to-Face","4","https://www.bkstr.com/webapp/wcs/stores/servlet/booklookServlet?bookstore_id-1=584&term_id-1=2026 Spring&crn-1=10296",""
"202610","BIOL340","MAMMALIAN PHYSIOLOGY","012","10297","F","8:30 AM - 11:20 AM"," ","Cancelled","24","0","","Face-to-Face","4","https://www.bkstr.com/webapp/wcs/stores/servlet/booklookServlet?bookstore_id-1=584&term_id-1=2026 Spring&crn-1=10297","Cancelled 11/05/25"
"202610","BIOL340","MAMMALIAN PHYSIOLOGY","012","10297","MW","10:00 AM - 11:20 AM"," ","Cancelled","24","0","","Face-to-Face","4","https://www.bkstr.com/webapp/wcs/stores/servlet/booklookServlet?bookstore_id-1=584&term_id-1=2026 Spring&crn-1=10297","Cancelled 11/05/25"
"202610","BIOL340","MAMMALIAN PHYSIOLOGY","102","10298","M","6:00 PM - 8:50 PM","KUPF 205","Closed","10","10","Sanchez, Edward","Face-to-Face","4","https://www.bkstr.com/webapp/wcs/stores/servlet/booklookServlet?bookstore_id-1=584&term_id-1=2026 Spring&crn-1=10298",""
"202610","BIOL340","MAMMALIAN PHYSIOLOGY","102","10298","T","6:00 PM - 8:50 PM","CKB 302","Closed","10","10","Sanchez, Edward","Face-to-Face","4","https://www.bkstr.com/webapp/wcs/stores/servlet/booklookServlet?bookstore_id-1=584&term_id-1=2026 Spring&crn-1=10298",""
"202610","BIOL340","MAMMALIAN PHYSIOLOGY","104","10299","M","6:00 PM - 8:50 PM","KUPF 205","Closed","10","10","Sanchez, Edward","Face-to-Face","4","https://www.bkstr.com/webapp/wcs/stores/servlet/booklookServlet?bookstore_id-1=584&term_id-1=2026 Spring&crn-1=10299",""
"202610","BIOL340","MAMMALIAN PHYSIOLOGY","104","10299","W","6:00 PM - 8:50 PM","CKB 302","Closed","10","10","Sanchez, Edward","Face-to-Face","4","https://www.bkstr.com/webapp/wcs/stores/servlet/booklookServlet?bookstore_id-1=584&term_id-1=2026 Spring&crn-1=10299",""
"202610","BIOL350","IMMUNOLOGY","002","10300","TR","1:00 PM - 2:20 PM","KUPF 104","Open","43","29","Yarotsky, John","Face-to-Face","3","https://www.bkstr.com/webapp/wcs/stores/servlet/booklookServlet?bookstore_id-1=584&term_id-1=2026 Spring&crn-1=10300",""
"202610","BIOL355","CELL BIOLOGY","002","10301","TR","11:30 AM - 12:50 PM","KUPF 107","Open","30","10","Konsolaki, Mary","Face-to-Face","3","https://www.bkstr.com/webapp/wcs/stores/servlet/booklookServlet?bookstore_id-1=584&term_id-1=2026 Spring&crn-1=10301",""
"202610","BIOL375","CONSERVATION BIOLOGY","002","10302","MW","10:00 AM - 11:20 AM","KUPF 204","Open","20","14","Tai, Xiaonan","Face-to-Face","3","https://www.bkstr.com/webapp/wcs/stores/servlet/booklookServlet?bookstore_id-1=584&term_id-1=2026 Spring&crn-1=10302",""
"202610","BIOL375","CONSERVATION BIOLOGY-HONORS","H02","10303","TR","10:00 AM - 11:20 AM","FMH 309","Open","20","9","Nelson, Michael","Face-to-Face","3","https://www.bkstr.com/webapp/wcs/stores/servlet/booklookServlet?bookstore_id-1=584&term_id-1=2026 Spring&crn-1=10303","Honors Course"
"202610","BIOL382","ANIMAL BEHAVIOR","002","10304","TR","4:00 PM - 5:20 PM","GITC 1100","Open","30","24","","Face-to-Face","3","https://www.bkstr.com/webapp/wcs/stores/servlet/booklookServlet?bookstore_id-1=584&term_id-1=2026 Spring&crn-1=10304",""
"202610","BIOL410","WORK EXPERIENCE II","864","10305","","TBA"," ","Open","19","0","Roach, Karen","Face-to-Face","3","https://www.bkstr.com/webapp/wcs/stores/servlet/booklookServlet?bookstore_id-1=584&term_id-1=2026 Spring&crn-1=10305","See department for permission to enroll."
"202610","BIOL424","COMPARATIVE PHYSIOLOGY","002","10306","TR","10:00 AM - 11:20 AM","CKB 316","Open","10","4","Soares, Daphne","Face-to-Face","3","https://www.bkstr.com/webapp/wcs/stores/servlet/booklookServlet?bookstore_id-1=584&term_id-1=2026 Spring&crn-1=10306",""
"202610","BIOL440","CELL BIOLOGY OF DISEASE","002","10307","TR","4:00 PM - 5:20 PM","CKB 316","Open","5","3","Desai, Darshan","Face-to-Face","3","https://www.bkstr.com/webapp/wcs/stores/servlet/booklookServlet?bookstore_id-1=584&term_id-1=2026 Spring&crn-1=10307",""
"202610","BIOL445","ENDOCRINOLOGY","102","10308","W","6:00 PM - 8:50 PM","CULM 111","Open","20","12","Sanchez, Edward","Face-to-Face","3","https://www.bkstr.com/webapp/wcs/stores/servlet/booklookServlet?bookstore_id-1=584&term_id-1=2026 Spring&crn-1=10308",""
"202610","BIOL447","SYSTEMS NEUROBIOLOGY","002","10309","MW","10:00 AM - 11:20 AM","KUPF 207","Closed","6","6","Nadim, Farzan","Face-to-Face","3","https://www.bkstr.com/webapp/wcs/stores/servlet/booklookServlet?bookstore_id-1=584&term_id-1=2026 Spring&crn-1=10309",""
"202610","BIOL447","SYSTEMS NEUROBIOLOGY - HONORS","HM2","10310","MW","10:00 AM - 11:20 AM","KUPF 207","Closed","5","5","Nadim, Farzan","Face-to-Face","3","https://www.bkstr.com/webapp/wcs/stores/servlet/booklookServlet?bookstore_id-1=584&term_id-1=2026 Spring&crn-1=10310","Honors Course"
"202610","BIOL453","APPLIED GENETICS & GENOMICS","002","10311","MW","1:00 PM - 2:20 PM","CKB 316","Open","10","4","Konsolaki, Mary","Face-to-Face","3","https://www.bkstr.com/webapp/wcs/stores/servlet/booklookServlet?bookstore_id-1=584&term_id-1=2026 Spring&crn-1=10311",""
"202610","BIOL475","ECOLOGICAL FIELD METHODS - HONORS","H02","10312","F","1:00 PM - 5:20 PM","CKB 328","Open","12","0","Farley, Kathleen","Face-to-Face","3","https://www.bkstr.com/webapp/wcs/stores/servlet/booklookServlet?bookstore_id-1=584&term_id-1=2026 Spring&crn-1=10312","Honors Course<br />Please email maria.stanko@njit.edu for<br />permission to enroll"
"202610","BIOL491","SENIOR PROJECT","745","10313","","TBA"," ","Open","19","0","Nadim, Farzan","Face-to-Face","3","https://www.bkstr.com/webapp/wcs/stores/servlet/booklookServlet?bookstore_id-1=584&term_id-1=2026 Spring&crn-1=10313","See department for permission to enroll."
"202610","BIOL491","SENIOR PROJECT","756","10314","","TBA"," ","Open","19","0","Golowasch, Jorge","Face-to-Face","3","https://www.bkstr.com/webapp/wcs/stores/servlet/booklookServlet?bookstore_id-1=584&term_id-1=2026 Spring&crn-1=10314","See department for permission to enroll."
"202610","BIOL491","SENIOR PROJECT","766","10315","","TBA"," ","Open","19","0","Rotstein, Horacio","Face-to-Face","3","https://www.bkstr.com/webapp/wcs/stores/servlet/booklookServlet?bookstore_id-1=584&term_id-1=2026 Spring&crn-1=10315","See department for permission to enroll."
"202610","BIOL491","SENIOR PROJECT","832","10316","","TBA"," ","Open","19","0","Flammang, Brooke","Face-to-Face","3","https://www.bkstr.com/webapp/wcs/stores/servlet/booklookServlet?bookstore_id-1=584&term_id-1=2026 Spring&crn-1=10316","See department for permission to enroll."
"202610","BIOL491","SENIOR PROJECT","836","10317","","TBA"," ","Open","19","0","Stanko, Maria","Face-to-Face","3","https://www.bkstr.com/webapp/wcs/stores/servlet/booklookServlet?bookstore_id-1=584&term_id-1=2026 Spring&crn-1=10317","See department for permission to enroll."
"202610","BIOL491","SENIOR PROJECT","837","10318","","TBA"," ","Open","19","0","Konsolaki, Mary","Face-to-Face","3","https://www.bkstr.com/webapp/wcs/stores/servlet/booklookServlet?bookstore_id-1=584&term_id-1=2026 Spring&crn-1=10318","See department for permission to enroll."
"202610","BIOL491","SENIOR PROJECT","838","10319","","TBA"," ","Open","19","0","Desai, Darshan","Face-to-Face","3","https://www.bkstr.com/webapp/wcs/stores/servlet/booklookServlet?bookstore_id-1=584&term_id-1=2026 Spring&crn-1=10319","See department for permission to enroll."
"202610","BIOL491","SENIOR PROJECT","839","10320","","TBA"," ","Open","19","0","Devan, Caroline","Face-to-Face","3","https://www.bkstr.com/webapp/wcs/stores/servlet/booklookServlet?bookstore_id-1=584&term_id-1=2026 Spring&crn-1=10320","See department for permission to enroll."
"202610","BIOL491","SENIOR PROJECT","840","10321","","TBA"," ","Open","19","0","Yarotsky, John","Face-to-Face","3","https://www.bkstr.com/webapp/wcs/stores/servlet/booklookServlet?bookstore_id-1=584&term_id-1=2026 Spring&crn-1=10321","See department for permission to enroll."
"202610","BIOL491","SENIOR PROJECT","841","10322","","TBA"," ","Open","19","0","Bunker, Daniel","Face-to-Face","3","https://www.bkstr.com/webapp/wcs/stores/servlet/booklookServlet?bookstore_id-1=584&term_id-1=2026 Spring&crn-1=10322","See department for permission to enroll."
"202610","BIOL491","SENIOR PROJECT","842","10323","","TBA"," ","Open","19","0","Fortune, Eric","Face-to-Face","3","https://www.bkstr.com/webapp/wcs/stores/servlet/booklookServlet?bookstore_id-1=584&term_id-1=2026 Spring&crn-1=10323","See department for permission to enroll."
"202610","BIOL491","SENIOR PROJECT","844","10324","","TBA"," ","Open","19","0","Barden, Phillip","Face-to-Face","3","https://www.bkstr.com/webapp/wcs/stores/servlet/booklookServlet?bookstore_id-1=584&term_id-1=2026 Spring&crn-1=10324","See department for permission to enroll."
"202610","BIOL491","SENIOR PROJECT","845","10325","","TBA"," ","Open","19","0","Severi, Kristen","Face-to-Face","3","https://www.bkstr.com/webapp/wcs/stores/servlet/booklookServlet?bookstore_id-1=584&term_id-1=2026 Spring&crn-1=10325","See department for permission to enroll."
"202610","BIOL491","SENIOR PROJECT","846","10326","","TBA"," ","Open","19","0","Tai, Xiaonan","Face-to-Face","3","https://www.bkstr.com/webapp/wcs/stores/servlet/booklookServlet?bookstore_id-1=584&term_id-1=2026 Spring&crn-1=10326","See department for permission to enroll."
"202610","BIOL491","SENIOR PROJECT","847","10327","","TBA"," ","Open","19","0","Russell, Gareth","Face-to-Face","3","https://www.bkstr.com/webapp/wcs/stores/servlet/booklookServlet?bookstore_id-1=584&term_id-1=2026 Spring&crn-1=10327","See department for permission to enroll."
"202610","BIOL491","SENIOR PROJECT","848","10328","","TBA"," ","Open","19","0","Edgar, Allison","Face-to-Face","3","https://www.bkstr.com/webapp/wcs/stores/servlet/booklookServlet?bookstore_id-1=584&term_id-1=2026 Spring&crn-1=10328","See department for permission to enroll."
"202610","BIOL491","SENIOR PROJECT","849","10329","","TBA"," ","Open","19","0","Haspel, Gal","Face-to-Face","3","https://www.bkstr.com/webapp/wcs/stores/servlet/booklookServlet?bookstore_id-1=584&term_id-1=2026 Spring&crn-1=10329","See department for permission to enroll."
"202610","BIOL491","SENIOR PROJECT","862","10330","","TBA"," ","Open","19","0","Soares, Daphne","Face-to-Face","3","https://www.bkstr.com/webapp/wcs/stores/servlet/booklookServlet?bookstore_id-1=584&term_id-1=2026 Spring&crn-1=10330","See department for permission to enroll."
"202610","BIOL491","SENIOR PROJECT","863","10331","","TBA"," ","Open","19","0","Garnier, Simon","Face-to-Face","3","https://www.bkstr.com/webapp/wcs/stores/servlet/booklookServlet?bookstore_id-1=584&term_id-1=2026 Spring&crn-1=10331","See department for permission to enroll."
"202610","BIOL491","SENIOR PROJECT","865","10332","","TBA"," ","Open","19","0","Bucher, Dirk","Face-to-Face","3","https://www.bkstr.com/webapp/wcs/stores/servlet/booklookServlet?bookstore_id-1=584&term_id-1=2026 Spring&crn-1=10332","See department for permission to enroll."
"202610","BIOL492","RESEARCH & INDEPENDENT STUDY","745","10333","","TBA"," ","Open","19","0","Nadim, Farzan","Face-to-Face","3","https://www.bkstr.com/webapp/wcs/stores/servlet/booklookServlet?bookstore_id-1=584&term_id-1=2026 Spring&crn-1=10333","See department for permission to enroll."
"202610","BIOL492","RESEARCH & INDEPENDENT STUDY","756","10334","","TBA"," ","Open","19","0","Golowasch, Jorge","Face-to-Face","3","https://www.bkstr.com/webapp/wcs/stores/servlet/booklookServlet?bookstore_id-1=584&term_id-1=2026 Spring&crn-1=10334","See department for permission to enroll."
"202610","BIOL492","RESEARCH & INDEPENDENT STUDY","766","10335","","TBA"," ","Open","19","0","Rotstein, Horacio","Face-to-Face","3","https://www.bkstr.com/webapp/wcs/stores/servlet/booklookServlet?bookstore_id-1=584&term_id-1=2026 Spring&crn-1=10335","See department for permission to enroll."
"202610","BIOL492","RESEARCH & INDEPENDENT STUDY","832","10336","","TBA"," ","Open","19","0","Flammang, Brooke","Face-to-Face","3","https://www.bkstr.com/webapp/wcs/stores/servlet/booklookServlet?bookstore_id-1=584&term_id-1=2026 Spring&crn-1=10336","See department for permission to enroll."
"202610","BIOL492","RESEARCH & INDEPENDENT STUDY","836","10337","","TBA"," ","Open","19","0","Stanko, Maria","Face-to-Face","3","https://www.bkstr.com/webapp/wcs/stores/servlet/booklookServlet?bookstore_id-1=584&term_id-1=2026 Spring&crn-1=10337","See department for permission to enroll."
"202610","BIOL492","RESEARCH & INDEPENDENT STUDY","837","10338","","TBA"," ","Open","19","0","Konsolaki, Mary","Face-to-Face","3","https://www.bkstr.com/webapp/wcs/stores/servlet/booklookServlet?bookstore_id-1=584&term_id-1=2026 Spring&crn-1=10338","See department for permission to enroll."
"202610","BIOL492","RESEARCH & INDEPENDENT STUDY","838","10339","","TBA"," ","Open","19","0","Desai, Darshan","Face-to-Face","3","https://www.bkstr.com/webapp/wcs/stores/servlet/booklookServlet?bookstore_id-1=584&term_id-1=2026 Spring&crn-1=10339","See department for permission to enroll."
"202610","BIOL492","RESEARCH & INDEPENDENT STUDY","839","10340","","TBA"," ","Open","19","0","Devan, Caroline","Face-to-Face","3","https://www.bkstr.com/webapp/wcs/stores/servlet/booklookServlet?bookstore_id-1=584&term_id-1=2026 Spring&crn-1=10340","See department for permission to enroll."
"202610","BIOL492","RESEARCH & INDEPENDENT STUDY","840","10341","","TBA"," ","Open","19","0","Yarotsky, John","Face-to-Face","3","https://www.bkstr.com/webapp/wcs/stores/servlet/booklookServlet?bookstore_id-1=584&term_id-1=2026 Spring&crn-1=10341","See department for permission to enroll."
"202610","BIOL492","RESEARCH & INDEPENDENT STUDY","841","10342","","TBA"," ","Open","19","0","Bunker, Daniel","Face-to-Face","3","https://www.bkstr.com/webapp/wcs/stores/servlet/booklookServlet?bookstore_id-1=584&term_id-1=2026 Spring&crn-1=10342","See department for permission to enroll."
"202610","BIOL492","RESEARCH & INDEPENDENT STUDY","842","10343","","TBA"," ","Open","19","0","Fortune, Eric","Face-to-Face","3","https://www.bkstr.com/webapp/wcs/stores/servlet/booklookServlet?bookstore_id-1=584&term_id-1=2026 Spring&crn-1=10343","See department for permission to enroll."
"202610","BIOL492","RESEARCH & INDEPENDENT STUDY","844","10344","","TBA"," ","Open","19","0","Barden, Phillip","Face-to-Face","3","https://www.bkstr.com/webapp/wcs/stores/servlet/booklookServlet?bookstore_id-1=584&term_id-1=2026 Spring&crn-1=10344","See department for permission to enroll."
"202610","BIOL492","RESEARCH & INDEPENDENT STUDY","845","10345","","TBA"," ","Open","19","0","Severi, Kristen","Face-to-Face","3","https://www.bkstr.com/webapp/wcs/stores/servlet/booklookServlet?bookstore_id-1=584&term_id-1=2026 Spring&crn-1=10345","See department for permission to enroll."
"202610","BIOL492","RESEARCH & INDEPENDENT STUDY","846","10346","","TBA"," ","Open","19","0","Tai, Xiaonan","Face-to-Face","3","https://www.bkstr.com/webapp/wcs/stores/servlet/booklookServlet?bookstore_id-1=584&term_id-1=2026 Spring&crn-1=10346","See department for permission to enroll."
"202610","BIOL492","RESEARCH & INDEPENDENT STUDY","847","10347","","TBA"," ","Open","19","0","Russell, Gareth","Face-to-Face","3","https://www.bkstr.com/webapp/wcs/stores/servlet/booklookServlet?bookstore_id-1=584&term_id-1=2026 Spring&crn-1=10347","See department for permission to enroll."
"202610","BIOL492","RESEARCH & INDEPENDENT STUDY","848","10348","","TBA"," ","Open","19","0","Edgar, Allison","Face-to-Face","3","https://www.bkstr.com/webapp/wcs/stores/servlet/booklookServlet?bookstore_id-1=584&term_id-1=2026 Spring&crn-1=10348","See department for permission to enroll."
"202610","BIOL492","RESEARCH & INDEPENDENT STUDY","849","10349","","TBA"," ","Open","19","0","Haspel, Gal","Face-to-Face","3","https://www.bkstr.com/webapp/wcs/stores/servlet/booklookServlet?bookstore_id-1=584&term_id-1=2026 Spring&crn-1=10349","See department for permission to enroll."
"202610","BIOL492","RESEARCH & INDEPENDENT STUDY","862","10350","","TBA"," ","Open","19","0","Soares, Daphne","Face-to-Face","3","https://www.bkstr.com/webapp/wcs/stores/servlet/booklookServlet?bookstore_id-1=584&term_id-1=2026 Spring&crn-1=10350","See department for permission to enroll."
"202610","BIOL492","RESEARCH & INDEPENDENT STUDY","863","10351","","TBA"," ","Open","19","0","Garnier, Simon","Face-to-Face","3","https://www.bkstr.com/webapp/wcs/stores/servlet/booklookServlet?bookstore_id-1=584&term_id-1=2026 Spring&crn-1=10351","See department for permission to enroll."
"202610","BIOL492","RESEARCH & INDEPENDENT STUDY","865","10352","","TBA"," ","Open","19","0","Bucher, Dirk","Face-to-Face","3","https://www.bkstr.com/webapp/wcs/stores/servlet/booklookServlet?bookstore_id-1=584&term_id-1=2026 Spring&crn-1=10352","See department for permission to enroll."
"202610","BIOL495","HONORS SEMINAR IN BIOLOGY","H04","10354","M","2:30 PM - 5:20 PM","TIER 107","Open","25","18","","Face-to-Face","3","https://www.bkstr.com/webapp/wcs/stores/servlet/booklookServlet?bookstore_id-1=584&term_id-1=2026 Spring&crn-1=10354","Honors Course"
"202610","BIOL495","HONORS SEMINAR IN BIOLOGY - HONORS","H02","10353","M","2:30 PM - 5:20 PM","KUPF 207","Open","25","22","Edgar, Allison","Face-to-Face","3","https://www.bkstr.com/webapp/wcs/stores/servlet/booklookServlet?bookstore_id-1=584&term_id-1=2026 Spring&crn-1=10353","Honors Course"
"202610","BIOL498","ST: GLIA: THE NEURON'S FORGOTTEN SIBLING","002","10355","MR","2:30 PM - 3:50 PM","CKB 315","Open","10","5","Golowasch, Jorge","Face-to-Face","3","https://www.bkstr.com/webapp/wcs/stores/servlet/booklookServlet?bookstore_id-1=584&term_id-1=2026 Spring&crn-1=10355",""
"202610","BIOL606","APP BIOPROC & IMMUN BASED THER","102","10356","T","6:00 PM - 8:50 PM","KUPF 208","Open","30","6","Yarotsky, John","Converged Learning","3","https://www.bkstr.com/webapp/wcs/stores/servlet/booklookServlet?bookstore_id-1=584&term_id-1=2026 Spring&crn-1=10356","Converged Learning Course"
"202610","BIOL612","COMPARATIVE ANIMAL PHYSIOLOGY","002","10357","TR","10:00 AM - 11:20 AM","CKB 316","Open","9","5","Soares, Daphne","Face-to-Face","3","https://www.bkstr.com/webapp/wcs/stores/servlet/booklookServlet?bookstore_id-1=584&term_id-1=2026 Spring&crn-1=10357",""
"202610","BIOL628","CELL BIOLOGY OF DISEASE","002","10358","TR","4:00 PM - 5:20 PM","CKB 316","Closed","10","10","Desai, Darshan","Face-to-Face","3","https://www.bkstr.com/webapp/wcs/stores/servlet/booklookServlet?bookstore_id-1=584&term_id-1=2026 Spring&crn-1=10358",""
"202610","BIOL641","SYSTEMS NEUROSCIENCE","002","10359","MW","10:00 AM - 11:20 AM","KUPF 207","Open","10","6","Nadim, Farzan","Face-to-Face","3","https://www.bkstr.com/webapp/wcs/stores/servlet/booklookServlet?bookstore_id-1=584&term_id-1=2026 Spring&crn-1=10359",""
"202610","BIOL646","ENDOCRINOLOGY","102","10360","W","6:00 PM - 8:50 PM","CULM 111","Closed","10","10","Sanchez, Edward","Face-to-Face","3","https://www.bkstr.com/webapp/wcs/stores/servlet/booklookServlet?bookstore_id-1=584&term_id-1=2026 Spring&crn-1=10360",""
"202610","BIOL653","MED GENETICS AND GENOMICS","002","10361","MW","1:00 PM - 2:20 PM","CKB 316","Open","10","0","Konsolaki, Mary","Face-to-Face","3","https://www.bkstr.com/webapp/wcs/stores/servlet/booklookServlet?bookstore_id-1=584&term_id-1=2026 Spring&crn-1=10361",""
"202610","BIOL672","COMPUTATIONAL SYSTEMS BIOLOGY","102","10362","M","6:00 PM - 8:50 PM"," ","Cancelled","8","0","","Face-to-Face","3","https://www.bkstr.com/webapp/wcs/stores/servlet/booklookServlet?bookstore_id-1=584&term_id-1=2026 Spring&crn-1=10362","Cancelled 11/19/25"
"202610","BIOL698","ST: GLIA: THE NEURON'S FORGOTTEN SIBLING","002","10363","MR","2:30 PM - 3:50 PM","CKB 315","Open","10","4","Golowasch, Jorge","Face-to-Face","3","https://www.bkstr.com/webapp/wcs/stores/servlet/booklookServlet?bookstore_id-1=584&term_id-1=2026 Spring&crn-1=10363",""
"202610","BIOL700B","MASTER'S PROJECT","745","10364","","TBA"," ","Open","19","0","Nadim, Farzan","Face-to-Face","3","https://www.bkstr.com/webapp/wcs/stores/servlet/booklookServlet?bookstore_id-1=584&term_id-1=2026 Spring&crn-1=10364","See department for permission to enroll."
"202610","BIOL700B","MASTER'S PROJECT","756","10365","","TBA"," ","Open","19","0","Golowasch, Jorge","Face-to-Face","3","https://www.bkstr.com/webapp/wcs/stores/servlet/booklookServlet?bookstore_id-1=584&term_id-1=2026 Spring&crn-1=10365","See department for permission to enroll."
"202610","BIOL700B","MASTER'S PROJECT","766","10366","","TBA"," ","Open","19","0","Rotstein, Horacio","Face-to-Face","3","https://www.bkstr.com/webapp/wcs/stores/servlet/booklookServlet?bookstore_id-1=584&term_id-1=2026 Spring&crn-1=10366","See department for permission to enroll."
"202610","BIOL700B","MASTER'S PROJECT","832","10367","","TBA"," ","Open","19","0","Flammang, Brooke","Face-to-Face","3","https://www.bkstr.com/webapp/wcs/stores/servlet/booklookServlet?bookstore_id-1=584&term_id-1=2026 Spring&crn-1=10367","See department for permission to enroll."
"202610","BIOL700B","MASTER'S PROJECT","836","10368","","TBA"," ","Open","19","0","Stanko, Maria","Face-to-Face","3","https://www.bkstr.com/webapp/wcs/stores/servlet/booklookServlet?bookstore_id-1=584&term_id-1=2026 Spring&crn-1=10368","See department for permission to enroll."
"202610","BIOL700B","MASTER'S PROJECT","837","10369","","TBA"," ","Open","19","0","Konsolaki, Mary","Face-to-Face","3","https://www.bkstr.com/webapp/wcs/stores/servlet/booklookServlet?bookstore_id-1=584&term_id-1=2026 Spring&crn-1=10369","See department for permission to enroll."
"202610","BIOL700B","MASTER'S PROJECT","838","10370","","TBA"," ","Open","19","0","Desai, Darshan","Face-to-Face","3","https://www.bkstr.com/webapp/wcs/stores/servlet/booklookServlet?bookstore_id-1=584&term_id-1=2026 Spring&crn-1=10370","See department for permission to enroll."
"202610","BIOL700B","MASTER'S PROJECT","839","10371","","TBA"," ","Open","19","0","Devan, Caroline","Face-to-Face","3","https://www.bkstr.com/webapp/wcs/stores/servlet/booklookServlet?bookstore_id-1=584&term_id-1=2026 Spring&crn-1=10371","See department for permission to enroll."
"202610","BIOL700B","MASTER'S PROJECT","840","10372","","TBA"," ","Open","19","1","Yarotsky, John","Face-to-Face","3","https://www.bkstr.com/webapp/wcs/stores/servlet/booklookServlet?bookstore_id-1=584&term_id-1=2026 Spring&crn-1=10372","See department for permission to enroll."
"202610","BIOL700B","MASTER'S PROJECT","841","10373","","TBA"," ","Open","19","0","Bunker, Daniel","Face-to-Face","3","https://www.bkstr.com/webapp/wcs/stores/servlet/booklookServlet?bookstore_id-1=584&term_id-1=2026 Spring&crn-1=10373","See department for permission to enroll."
"202610","BIOL700B","MASTER'S PROJECT","842","10374","","TBA"," ","Open","19","0","Fortune, Eric","Face-to-Face","3","https://www.bkstr.com/webapp/wcs/stores/servlet/booklookServlet?bookstore_id-1=584&term_id-1=2026 Spring&crn-1=10374","See department for permission to enroll."
"202610","BIOL700B","MASTER'S PROJECT","844","10375","","TBA"," ","Open","19","0","Barden, Phillip","Face-to-Face","3","https://www.bkstr.com/webapp/wcs/stores/servlet/booklookServlet?bookstore_id-1=584&term_id-1=2026 Spring&crn-1=10375","See department for permission to enroll."
"202610","BIOL700B","MASTER'S PROJECT","845","10376","","TBA"," ","Open","19","0","Severi, Kristen","Face-to-Face","3","https://www.bkstr.com/webapp/wcs/stores/servlet/booklookServlet?bookstore_id-1=584&term_id-1=2026 Spring&crn-1=10376","See department for permission to enroll."
"202610","BIOL700B","MASTER'S PROJECT","846","10377","","TBA"," ","Open","19","0","Tai, Xiaonan","Face-to-Face","3","https://www.bkstr.com/webapp/wcs/stores/servlet/booklookServlet?bookstore_id-1=584&term_id-1=2026 Spring&crn-1=10377","See department for permission to enroll."
"202610","BIOL700B","MASTER'S PROJECT","847","10378","","TBA"," ","Open","19","0","Russell, Gareth","Face-to-Face","3","https://www.bkstr.com/webapp/wcs/stores/servlet/booklookServlet?bookstore_id-1=584&term_id-1=2026 Spring&crn-1=10378","See department for permission to enroll."
"202610","BIOL700B","MASTER'S PROJECT","848","10379","","TBA"," ","Open","19","0","Edgar, Allison","Face-to-Face","3","https://www.bkstr.com/webapp/wcs/stores/servlet/booklookServlet?bookstore_id-1=584&term_id-1=2026 Spring&crn-1=10379","See department for permission to enroll."
"202610","BIOL700B","MASTER'S PROJECT","849","10380","","TBA"," ","Open","19","0","Haspel, Gal","Face-to-Face","3","https://www.bkstr.com/webapp/wcs/stores/servlet/booklookServlet?bookstore_id-1=584&term_id-1=2026 Spring&crn-1=10380","See department for permission to enroll."
"202610","BIOL700B","MASTER'S PROJECT","862","10381","","TBA"," ","Open","19","0","Soares, Daphne","Face-to-Face","3","https://www.bkstr.com/webapp/wcs/stores/servlet/booklookServlet?bookstore_id-1=584&term_id-1=2026 Spring&crn-1=10381","See department for permission to enroll."
"202610","BIOL700B","MASTER'S PROJECT","863","10382","","TBA"," ","Open","19","0","Garnier, Simon","Face-to-Face","3","https://www.bkstr.com/webapp/wcs/stores/servlet/booklookServlet?bookstore_id-1=584&term_id-1=2026 Spring&crn-1=10382","See department for permission to enroll."
"202610","BIOL700B","MASTER'S PROJECT","865","10383","","TBA"," ","Open","19","0","Bucher, Dirk","Face-to-Face","3","https://www.bkstr.com/webapp/wcs/stores/servlet/booklookServlet?bookstore_id-1=584&term_id-1=2026 Spring&crn-1=10383","See department for permission to enroll."
"202610","BIOL701B","MASTER'S THESIS","745","10384","","TBA"," ","Open","19","0","Nadim, Farzan","Face-to-Face","3","https://www.bkstr.com/webapp/wcs/stores/servlet/booklookServlet?bookstore_id-1=584&term_id-1=2026 Spring&crn-1=10384","See department for permission to enroll."
"202610","BIOL701B","MASTER'S THESIS","756","10385","","TBA"," ","Open","19","0","Golowasch, Jorge","Face-to-Face","3","https://www.bkstr.com/webapp/wcs/stores/servlet/booklookServlet?bookstore_id-1=584&term_id-1=2026 Spring&crn-1=10385","See department for permission to enroll."
"202610","BIOL701B","MASTER'S THESIS","766","10386","","TBA"," ","Open","19","0","Rotstein, Horacio","Face-to-Face","3","https://www.bkstr.com/webapp/wcs/stores/servlet/booklookServlet?bookstore_id-1=584&term_id-1=2026 Spring&crn-1=10386","See department for permission to enroll."
"202610","BIOL701B","MASTER'S THESIS","832","10387","","TBA"," ","Open","19","0","Flammang, Brooke","Face-to-Face","3","https://www.bkstr.com/webapp/wcs/stores/servlet/booklookServlet?bookstore_id-1=584&term_id-1=2026 Spring&crn-1=10387","See department for permission to enroll."
"202610","BIOL701B","MASTER'S THESIS","841","10388","","TBA"," ","Open","19","0","Bunker, Daniel","Face-to-Face","3","https://www.bkstr.com/webapp/wcs/stores/servlet/booklookServlet?bookstore_id-1=584&term_id-1=2026 Spring&crn-1=10388","See department for permission to enroll."
"202610","BIOL701B","MASTER'S THESIS","842","10389","","TBA"," ","Open","19","0","Fortune, Eric","Face-to-Face","3","https://www.bkstr.com/webapp/wcs/stores/servlet/booklookServlet?bookstore_id-1=584&term_id-1=2026 Spring&crn-1=10389","See department for permission to enroll."
"202610","BIOL701B","MASTER'S THESIS","844","10390","","TBA"," ","Open","19","0","Barden, Phillip","Face-to-Face","3","https://www.bkstr.com/webapp/wcs/stores/servlet/booklookServlet?bookstore_id-1=584&term_id-1=2026 Spring&crn-1=10390","See department for permission to enroll."
"202610","BIOL701B","MASTER'S THESIS","845","10391","","TBA"," ","Open","19","1","Severi, Kristen","Face-to-Face","3","https://www.bkstr.com/webapp/wcs/stores/servlet/booklookServlet?bookstore_id-1=584&term_id-1=2026 Spring&crn-1=10391","See department for permission to enroll."
"202610","BIOL701B","MASTER'S THESIS","846","10392","","TBA"," ","Open","19","0","Tai, Xiaonan","Face-to-Face","3","https://www.bkstr.com/webapp/wcs/stores/servlet/booklookServlet?bookstore_id-1=584&term_id-1=2026 Spring&crn-1=10392","See department for permission to enroll."
"202610","BIOL701B","MASTER'S THESIS","847","10393","","TBA"," ","Open","19","0","Russell, Gareth","Face-to-Face","3","https://www.bkstr.com/webapp/wcs/stores/servlet/booklookServlet?bookstore_id-1=584&term_id-1=2026 Spring&crn-1=10393","See department for permission to enroll."
"202610","BIOL701B","MASTER'S THESIS","848","10394","","TBA"," ","Open","19","0","Edgar, Allison","Face-to-Face","3","https://www.bkstr.com/webapp/wcs/stores/servlet/booklookServlet?bookstore_id-1=584&term_id-1=2026 Spring&crn-1=10394","See department for permission to enroll."
"202610","BIOL701B","MASTER'S THESIS","849","10395","","TBA"," ","Open","19","0","Haspel, Gal","Face-to-Face","3","https://www.bkstr.com/webapp/wcs/stores/servlet/booklookServlet?bookstore_id-1=584&term_id-1=2026 Spring&crn-1=10395","See department for permission to enroll."
"202610","BIOL701B","MASTER'S THESIS","862","10396","","TBA"," ","Open","19","0","Soares, Daphne","Face-to-Face","3","https://www.bkstr.com/webapp/wcs/stores/servlet/booklookServlet?bookstore_id-1=584&term_id-1=2026 Spring&crn-1=10396","See department for permission to enroll."
"202610","BIOL701B","MASTER'S THESIS","863","10397","","TBA"," ","Open","19","0","Garnier, Simon","Face-to-Face","3","https://www.bkstr.com/webapp/wcs/stores/servlet/booklookServlet?bookstore_id-1=584&term_id-1=2026 Spring&crn-1=10397","See department for permission to enroll."
"202610","BIOL701B","MASTER'S THESIS","865","10398","","TBA"," ","Open","19","0","Bucher, Dirk","Face-to-Face","3","https://www.bkstr.com/webapp/wcs/stores/servlet/booklookServlet?bookstore_id-1=584&term_id-1=2026 Spring&crn-1=10398","See department for permission to enroll."
"202610","BIOL701C","MASTER'S THESIS","745","10399","","TBA"," ","Open","19","0","Nadim, Farzan","Face-to-Face","6","https://www.bkstr.com/webapp/wcs/stores/servlet/booklookServlet?bookstore_id-1=584&term_id-1=2026 Spring&crn-1=10399","See department for permission to enroll."
"202610","BIOL701C","MASTER'S THESIS","756","10400","","TBA"," ","Open","19","0","Golowasch, Jorge","Face-to-Face","6","https://www.bkstr.com/webapp/wcs/stores/servlet/booklookServlet?bookstore_id-1=584&term_id-1=2026 Spring&crn-1=10400","See department for permission to enroll."
"202610","BIOL701C","MASTER'S THESIS","766","10401","","TBA"," ","Open","19","0","Rotstein, Horacio","Face-to-Face","6","https://www.bkstr.com/webapp/wcs/stores/servlet/booklookServlet?bookstore_id-1=584&term_id-1=2026 Spring&crn-1=10401","See department for permission to enroll."
"202610","BIOL701C","MASTER'S THESIS","832","10402","","TBA"," ","Open","19","0","Flammang, Brooke","Face-to-Face","6","https://www.bkstr.com/webapp/wcs/stores/servlet/booklookServlet?bookstore_id-1=584&term_id-1=2026 Spring&crn-1=10402","See department for permission to enroll."
"202610","BIOL701C","MASTER'S THESIS","841","10403","","TBA"," ","Open","19","0","Bunker, Daniel","Face-to-Face","6","https://www.bkstr.com/webapp/wcs/stores/servlet/booklookServlet?bookstore_id-1=584&term_id-1=2026 Spring&crn-1=10403","See department for permission to enroll."
"202610","BIOL701C","MASTER'S THESIS","842","10404","","TBA"," ","Open","19","0","Fortune, Eric","Face-to-Face","6","https://www.bkstr.com/webapp/wcs/stores/servlet/booklookServlet?bookstore_id-1=584&term_id-1=2026 Spring&crn-1=10404","See department for permission to enroll."
"202610","BIOL701C","MASTER'S THESIS","844","10405","","TBA"," ","Open","19","0","Barden, Phillip","Face-to-Face","6","https://www.bkstr.com/webapp/wcs/stores/servlet/booklookServlet?bookstore_id-1=584&term_id-1=2026 Spring&crn-1=10405","See department for permission to enroll."
"202610","BIOL701C","MASTER'S THESIS","845","10406","","TBA"," ","Open","19","0","Severi, Kristen","Face-to-Face","6","https://www.bkstr.com/webapp/wcs/stores/servlet/booklookServlet?bookstore_id-1=584&term_id-1=2026 Spring&crn-1=10406","See department for permission to enroll."
"202610","BIOL701C","MASTER'S THESIS","846","10407","","TBA"," ","Open","19","0","Tai, Xiaonan","Face-to-Face","6","https://www.bkstr.com/webapp/wcs/stores/servlet/booklookServlet?bookstore_id-1=584&term_id-1=2026 Spring&crn-1=10407","See department for permission to enroll."
"202610","BIOL701C","MASTER'S THESIS","847","10408","","TBA"," ","Open","19","0","Russell, Gareth","Face-to-Face","6","https://www.bkstr.com/webapp/wcs/stores/servlet/booklookServlet?bookstore_id-1=584&term_id-1=2026 Spring&crn-1=10408","See department for permission to enroll."
"202610","BIOL701C","MASTER'S THESIS","848","10409","","TBA"," ","Open","19","0","Edgar, Allison","Face-to-Face","6","https://www.bkstr.com/webapp/wcs/stores/servlet/booklookServlet?bookstore_id-1=584&term_id-1=2026 Spring&crn-1=10409","See department for permission to enroll."
"202610","BIOL701C","MASTER'S THESIS","849","10410","","TBA"," ","Open","19","0","Haspel, Gal","Face-to-Face","6","https://www.bkstr.com/webapp/wcs/stores/servlet/booklookServlet?bookstore_id-1=584&term_id-1=2026 Spring&crn-1=10410","See department for permission to enroll."
"202610","BIOL701C","MASTER'S THESIS","862","10411","","TBA"," ","Open","19","0","Soares, Daphne","Face-to-Face","6","https://www.bkstr.com/webapp/wcs/stores/servlet/booklookServlet?bookstore_id-1=584&term_id-1=2026 Spring&crn-1=10411","See department for permission to enroll."
"202610","BIOL701C","MASTER'S THESIS","863","10412","","TBA"," ","Open","19","0","Garnier, Simon","Face-to-Face","6","https://www.bkstr.com/webapp/wcs/stores/servlet/booklookServlet?bookstore_id-1=584&term_id-1=2026 Spring&crn-1=10412","See department for permission to enroll."
"202610","BIOL701C","MASTER'S THESIS","865","10413","","TBA"," ","Open","19","0","Bucher, Dirk","Face-to-Face","6","https://www.bkstr.com/webapp/wcs/stores/servlet/booklookServlet?bookstore_id-1=584&term_id-1=2026 Spring&crn-1=10413","See department for permission to enroll."
"202610","BIOL725","INDEPENDENT STUDY I","745","10414","","TBA"," ","Open","19","1","Nadim, Farzan","Face-to-Face","3","https://www.bkstr.com/webapp/wcs/stores/servlet/booklookServlet?bookstore_id-1=584&term_id-1=2026 Spring&crn-1=10414","See department for permission to enroll."
"202610","BIOL725","INDEPENDENT STUDY I","756","10415","","TBA"," ","Open","19","0","Golowasch, Jorge","Face-to-Face","3","https://www.bkstr.com/webapp/wcs/stores/servlet/booklookServlet?bookstore_id-1=584&term_id-1=2026 Spring&crn-1=10415","See department for permission to enroll."
"202610","BIOL725","INDEPENDENT STUDY I","766","10416","","TBA"," ","Open","19","0","Rotstein, Horacio","Face-to-Face","3","https://www.bkstr.com/webapp/wcs/stores/servlet/booklookServlet?bookstore_id-1=584&term_id-1=2026 Spring&crn-1=10416","See department for permission to enroll."
"202610","BIOL725","INDEPENDENT STUDY I","832","10417","","TBA"," ","Open","19","0","Flammang, Brooke","Face-to-Face","3","https://www.bkstr.com/webapp/wcs/stores/servlet/booklookServlet?bookstore_id-1=584&term_id-1=2026 Spring&crn-1=10417","See department for permission to enroll."
"202610","BIOL725","INDEPENDENT STUDY I","841","10418","","TBA"," ","Open","19","0","Bunker, Daniel","Face-to-Face","3","https://www.bkstr.com/webapp/wcs/stores/servlet/booklookServlet?bookstore_id-1=584&term_id-1=2026 Spring&crn-1=10418","See department for permission to enroll."
"202610","BIOL725","INDEPENDENT STUDY I","842","10419","","TBA"," ","Open","19","0","Fortune, Eric","Face-to-Face","3","https://www.bkstr.com/webapp/wcs/stores/servlet/booklookServlet?bookstore_id-1=584&term_id-1=2026 Spring&crn-1=10419","See department for permission to enroll."
"202610","BIOL725","INDEPENDENT STUDY I","844","10420","","TBA"," ","Open","19","0","Barden, Phillip","Face-to-Face","3","https://www.bkstr.com/webapp/wcs/stores/servlet/booklookServlet?bookstore_id-1=584&term_id-1=2026 Spring&crn-1=10420","See department for permission to enroll."
"202610","BIOL725","INDEPENDENT STUDY I","845","10421","","TBA"," ","Open","19","0","Severi, Kristen","Face-to-Face","3","https://www.bkstr.com/webapp/wcs/stores/servlet/booklookServlet?bookstore_id-1=584&term_id-1=2026 Spring&crn-1=10421","See department for permission to enroll."
"202610","BIOL725","INDEPENDENT STUDY I","846","10422","","TBA"," ","Open","19","0","Tai, Xiaonan","Face-to-Face","3","https://www.bkstr.com/webapp/wcs/stores/servlet/booklookServlet?bookstore_id-1=584&term_id-1=2026 Spring&crn-1=10422","See department for permission to enroll."
"202610","BIOL725","INDEPENDENT STUDY I","847","10423","","TBA"," ","Open","19","0","Russell, Gareth","Face-to-Face","3","https://www.bkstr.com/webapp/wcs/stores/servlet/booklookServlet?bookstore_id-1=584&term_id-1=2026 Spring&crn-1=10423","See department for permission to enroll."
"202610","BIOL725","INDEPENDENT STUDY I","848","10424","","TBA"," ","Open","19","0","Edgar, Allison","Face-to-Face","3","https://www.bkstr.com/webapp/wcs/stores/servlet/booklookServlet?bookstore_id-1=584&term_id-1=2026 Spring&crn-1=10424","See department for permission to enroll."
"202610","BIOL725","INDEPENDENT STUDY I","849","10425","","TBA"," ","Open","19","0","Haspel, Gal","Face-to-Face","3","https://www.bkstr.com/webapp/wcs/stores/servlet/booklookServlet?bookstore_id-1=584&term_id-1=2026 Spring&crn-1=10425","See department for permission to enroll."
"202610","BIOL725","INDEPENDENT STUDY I","862","10426","","TBA"," ","Open","19","0","Soares, Daphne","Face-to-Face","3","https://www.bkstr.com/webapp/wcs/stores/servlet/booklookServlet?bookstore_id-1=584&term_id-1=2026 Spring&crn-1=10426","See department for permission to enroll."
"202610","BIOL725","INDEPENDENT STUDY I","863","10427","","TBA"," ","Open","19","0","Garnier, Simon","Face-to-Face","3","https://www.bkstr.com/webapp/wcs/stores/servlet/booklookServlet?bookstore_id-1=584&term_id-1=2026 Spring&crn-1=10427","See department for permission to enroll."
"202610","BIOL725","INDEPENDENT STUDY I","865","10428","","TBA"," ","Open","19","0","Bucher, Dirk","Face-to-Face","3","https://www.bkstr.com/webapp/wcs/stores/servlet/booklookServlet?bookstore_id-1=584&term_id-1=2026 Spring&crn-1=10428","See department for permission to enroll."
"202610","BIOL726","INDEPENDENT STUDY II","745","10429","","TBA"," ","Open","19","0","Nadim, Farzan","Face-to-Face","3","https://www.bkstr.com/webapp/wcs/stores/servlet/booklookServlet?bookstore_id-1=584&term_id-1=2026 Spring&crn-1=10429","See department for permission to enroll."
"202610","BIOL726","INDEPENDENT STUDY II","756","10430","","TBA"," ","Open","19","0","Golowasch, Jorge","Face-to-Face","3","https://www.bkstr.com/webapp/wcs/stores/servlet/booklookServlet?bookstore_id-1=584&term_id-1=2026 Spring&crn-1=10430","See department for permission to enroll."
"202610","BIOL726","INDEPENDENT STUDY II","766","10431","","TBA"," ","Open","19","0","Rotstein, Horacio","Face-to-Face","3","https://www.bkstr.com/webapp/wcs/stores/servlet/booklookServlet?bookstore_id-1=584&term_id-1=2026 Spring&crn-1=10431","See department for permission to enroll."
"202610","BIOL726","INDEPENDENT STUDY II","832","10432","","TBA"," ","Open","19","0","Flammang, Brooke","Face-to-Face","3","https://www.bkstr.com/webapp/wcs/stores/servlet/booklookServlet?bookstore_id-1=584&term_id-1=2026 Spring&crn-1=10432","See department for permission to enroll."
"202610","BIOL726","INDEPENDENT STUDY II","841","10433","","TBA"," ","Open","19","0","Bunker, Daniel","Face-to-Face","3","https://www.bkstr.com/webapp/wcs/stores/servlet/booklookServlet?bookstore_id-1=584&term_id-1=2026 Spring&crn-1=10433","See department for permission to enroll."
"202610","BIOL726","INDEPENDENT STUDY II","842","10434","","TBA"," ","Open","19","0","Fortune, Eric","Face-to-Face","3","https://www.bkstr.com/webapp/wcs/stores/servlet/booklookServlet?bookstore_id-1=584&term_id-1=2026 Spring&crn-1=10434","See department for permission to enroll."
"202610","BIOL726","INDEPENDENT STUDY II","844","10435","","TBA"," ","Open","19","2","Barden, Phillip","Face-to-Face","3","https://www.bkstr.com/webapp/wcs/stores/servlet/booklookServlet?bookstore_id-1=584&term_id-1=2026 Spring&crn-1=10435","See department for permission to enroll."
"202610","BIOL726","INDEPENDENT STUDY II","845","10436","","TBA"," ","Open","19","0","Severi, Kristen","Face-to-Face","3","https://www.bkstr.com/webapp/wcs/stores/servlet/booklookServlet?bookstore_id-1=584&term_id-1=2026 Spring&crn-1=10436","See department for permission to enroll."
"202610","BIOL726","INDEPENDENT STUDY II","846","10437","","TBA"," ","Open","19","0","Tai, Xiaonan","Face-to-Face","3","https://www.bkstr.com/webapp/wcs/stores/servlet/booklookServlet?bookstore_id-1=584&term_id-1=2026 Spring&crn-1=10437","See department for permission to enroll."
"202610","BIOL726","INDEPENDENT STUDY II","847","10438","","TBA"," ","Open","19","0","Russell, Gareth","Face-to-Face","3","https://www.bkstr.com/webapp/wcs/stores/servlet/booklookServlet?bookstore_id-1=584&term_id-1=2026 Spring&crn-1=10438","See department for permission to enroll."
"202610","BIOL726","INDEPENDENT STUDY II","848","10439","","TBA"," ","Open","19","0","Edgar, Allison","Face-to-Face","3","https://www.bkstr.com/webapp/wcs/stores/servlet/booklookServlet?bookstore_id-1=584&term_id-1=2026 Spring&crn-1=10439","See department for permission to enroll."
"202610","BIOL726","INDEPENDENT STUDY II","849","10440","","TBA"," ","Open","19","0","Haspel, Gal","Face-to-Face","3","https://www.bkstr.com/webapp/wcs/stores/servlet/booklookServlet?bookstore_id-1=584&term_id-1=2026 Spring&crn-1=10440","See department for permission to enroll."
"202610","BIOL726","INDEPENDENT STUDY II","862","10441","","TBA"," ","Open","19","0","Soares, Daphne","Face-to-Face","3","https://www.bkstr.com/webapp/wcs/stores/servlet/booklookServlet?bookstore_id-1=584&term_id-1=2026 Spring&crn-1=10441","See department for permission to enroll."
"202610","BIOL726","INDEPENDENT STUDY II","863","10442","","TBA"," ","Open","19","0","Garnier, Simon","Face-to-Face","3","https://www.bkstr.com/webapp/wcs/stores/servlet/booklookServlet?bookstore_id-1=584&term_id-1=2026 Spring&crn-1=10442","See department for permission to enroll."
"202610","BIOL726","INDEPENDENT STUDY II","865","10443","","TBA"," ","Open","19","0","Bucher, Dirk","Face-to-Face","3","https://www.bkstr.com/webapp/wcs/stores/servlet/booklookServlet?bookstore_id-1=584&term_id-1=2026 Spring&crn-1=10443","See department for permission to enroll."
"202610","BIOL788","ST: ADVANCES IN BIOLOGY II","002","10444","F","10:00 AM - 11:20 AM","CKB 316","Open","15","0","Soares, Daphne","Face-to-Face","3","https://www.bkstr.com/webapp/wcs/stores/servlet/booklookServlet?bookstore_id-1=584&term_id-1=2026 Spring&crn-1=10444",""
"202610","BIOL788","ST: ADVANCES IN BIOLOGY II","002","10444","T","1:00 PM - 2:20 PM","CKB 316","Open","15","0","Soares, Daphne","Face-to-Face","3","https://www.bkstr.com/webapp/wcs/stores/servlet/booklookServlet?bookstore_id-1=584&term_id-1=2026 Spring&crn-1=10444",""
"202610","BIOL790A","DOCT DISSERTATION & RESRCH","745","10445","","TBA"," ","Open","19","0","Nadim, Farzan","Face-to-Face","1","https://www.bkstr.com/webapp/wcs/stores/servlet/booklookServlet?bookstore_id-1=584&term_id-1=2026 Spring&crn-1=10445","See department for permission to enroll."
"202610","BIOL790A","DOCT DISSERTATION & RESRCH","756","10446","","TBA"," ","Open","19","0","Golowasch, Jorge","Face-to-Face","1","https://www.bkstr.com/webapp/wcs/stores/servlet/booklookServlet?bookstore_id-1=584&term_id-1=2026 Spring&crn-1=10446","See department for permission to enroll."
"202610","BIOL790A","DOCT DISSERTATION & RESRCH","766","10447","","TBA"," ","Open","19","0","Rotstein, Horacio","Face-to-Face","1","https://www.bkstr.com/webapp/wcs/stores/servlet/booklookServlet?bookstore_id-1=584&term_id-1=2026 Spring&crn-1=10447","See department for permission to enroll."
"202610","BIOL790A","DOCT DISSERTATION & RESRCH","832","10448","","TBA"," ","Open","19","1","Flammang, Brooke","Face-to-Face","1","https://www.bkstr.com/webapp/wcs/stores/servlet/booklookServlet?bookstore_id-1=584&term_id-1=2026 Spring&crn-1=10448","See department for permission to enroll."
"202610","BIOL790A","DOCT DISSERTATION & RESRCH","841","10449","","TBA"," ","Open","19","0","Bunker, Daniel","Face-to-Face","1","https://www.bkstr.com/webapp/wcs/stores/servlet/booklookServlet?bookstore_id-1=584&term_id-1=2026 Spring&crn-1=10449","See department for permission to enroll."
"202610","BIOL790A","DOCT DISSERTATION & RESRCH","842","10450","","TBA"," ","Open","19","0","Fortune, Eric","Face-to-Face","1","https://www.bkstr.com/webapp/wcs/stores/servlet/booklookServlet?bookstore_id-1=584&term_id-1=2026 Spring&crn-1=10450","See department for permission to enroll."
"202610","BIOL790A","DOCT DISSERTATION & RESRCH","844","10451","","TBA"," ","Open","19","3","Barden, Phillip","Face-to-Face","1","https://www.bkstr.com/webapp/wcs/stores/servlet/booklookServlet?bookstore_id-1=584&term_id-1=2026 Spring&crn-1=10451","See department for permission to enroll."
"202610","BIOL790A","DOCT DISSERTATION & RESRCH","845","10452","","TBA"," ","Open","19","0","Severi, Kristen","Face-to-Face","1","https://www.bkstr.com/webapp/wcs/stores/servlet/booklookServlet?bookstore_id-1=584&term_id-1=2026 Spring&crn-1=10452","See department for permission to enroll."
"202610","BIOL790A","DOCT DISSERTATION & RESRCH","846","10453","","TBA"," ","Open","19","0","Tai, Xiaonan","Face-to-Face","1","https://www.bkstr.com/webapp/wcs/stores/servlet/booklookServlet?bookstore_id-1=584&term_id-1=2026 Spring&crn-1=10453","See department for permission to enroll."
"202610","BIOL790A","DOCT DISSERTATION & RESRCH","847","10454","","TBA"," ","Open","19","1","Russell, Gareth","Face-to-Face","1","https://www.bkstr.com/webapp/wcs/stores/servlet/booklookServlet?bookstore_id-1=584&term_id-1=2026 Spring&crn-1=10454","See department for permission to enroll."
"202610","BIOL790A","DOCT DISSERTATION & RESRCH","848","10455","","TBA"," ","Open","19","0","Edgar, Allison","Face-to-Face","1","https://www.bkstr.com/webapp/wcs/stores/servlet/booklookServlet?bookstore_id-1=584&term_id-1=2026 Spring&crn-1=10455","See department for permission to enroll."
"202610","BIOL790A","DOCT DISSERTATION & RESRCH","849","10456","","TBA"," ","Open","19","0","Haspel, Gal","Face-to-Face","1","https://www.bkstr.com/webapp/wcs/stores/servlet/booklookServlet?bookstore_id-1=584&term_id-1=2026 Spring&crn-1=10456","See department for permission to enroll."
"202610","BIOL790A","DOCT DISSERTATION & RESRCH","862","10457","","TBA"," ","Open","19","0","Soares, Daphne","Face-to-Face","1","https://www.bkstr.com/webapp/wcs/stores/servlet/booklookServlet?bookstore_id-1=584&term_id-1=2026 Spring&crn-1=10457","See department for permission to enroll."
"202610","BIOL790A","DOCT DISSERTATION & RESRCH","863","10458","","TBA"," ","Open","19","0","Garnier, Simon","Face-to-Face","1","https://www.bkstr.com/webapp/wcs/stores/servlet/booklookServlet?bookstore_id-1=584&term_id-1=2026 Spring&crn-1=10458","See department for permission to enroll."
"202610","BIOL790A","DOCT DISSERTATION & RESRCH","865","10459","","TBA"," ","Open","19","0","Bucher, Dirk","Face-to-Face","1","https://www.bkstr.com/webapp/wcs/stores/servlet/booklookServlet?bookstore_id-1=584&term_id-1=2026 Spring&crn-1=10459","See department for permission to enroll."
"202610","BIOL790B","DOCT DISSERTATION & RESRCH","595","10460","","TBA"," ","Open","19","0","","Face-to-Face","3","https://www.bkstr.com/webapp/wcs/stores/servlet/booklookServlet?bookstore_id-1=584&term_id-1=2026 Spring&crn-1=10460","See department for permission to enroll."
"202610","BIOL790B","DOCT DISSERTATION & RESRCH","745","10461","","TBA"," ","Open","19","0","Nadim, Farzan","Face-to-Face","3","https://www.bkstr.com/webapp/wcs/stores/servlet/booklookServlet?bookstore_id-1=584&term_id-1=2026 Spring&crn-1=10461","See department for permission to enroll."
"202610","BIOL790B","DOCT DISSERTATION & RESRCH","756","10462","","TBA"," ","Open","19","0","Golowasch, Jorge","Face-to-Face","3","https://www.bkstr.com/webapp/wcs/stores/servlet/booklookServlet?bookstore_id-1=584&term_id-1=2026 Spring&crn-1=10462","See department for permission to enroll."
"202610","BIOL790B","DOCT DISSERTATION & RESRCH","766","10463","","TBA"," ","Open","19","0","Rotstein, Horacio","Face-to-Face","3","https://www.bkstr.com/webapp/wcs/stores/servlet/booklookServlet?bookstore_id-1=584&term_id-1=2026 Spring&crn-1=10463","See department for permission to enroll."
"202610","BIOL790B","DOCT DISSERTATION & RESRCH","832","10464","","TBA"," ","Open","19","0","Flammang, Brooke","Face-to-Face","3","https://www.bkstr.com/webapp/wcs/stores/servlet/booklookServlet?bookstore_id-1=584&term_id-1=2026 Spring&crn-1=10464","See department for permission to enroll."
"202610","BIOL790B","DOCT DISSERTATION & RESRCH","841","10465","","TBA"," ","Open","19","0","Bunker, Daniel","Face-to-Face","3","https://www.bkstr.com/webapp/wcs/stores/servlet/booklookServlet?bookstore_id-1=584&term_id-1=2026 Spring&crn-1=10465","See department for permission to enroll."
"202610","BIOL790B","DOCT DISSERTATION & RESRCH","842","10466","","TBA"," ","Open","19","0","Fortune, Eric","Face-to-Face","3","https://www.bkstr.com/webapp/wcs/stores/servlet/booklookServlet?bookstore_id-1=584&term_id-1=2026 Spring&crn-1=10466","See department for permission to enroll."
"202610","BIOL790B","DOCT DISSERTATION & RESRCH","844","10467","","TBA"," ","Open","19","0","Barden, Phillip","Face-to-Face","3","https://www.bkstr.com/webapp/wcs/stores/servlet/booklookServlet?bookstore_id-1=584&term_id-1=2026 Spring&crn-1=10467","See department for permission to enroll."
"202610","BIOL790B","DOCT DISSERTATION & RESRCH","845","10468","","TBA"," ","Open","19","0","Severi, Kristen","Face-to-Face","3","https://www.bkstr.com/webapp/wcs/stores/servlet/booklookServlet?bookstore_id-1=584&term_id-1=2026 Spring&crn-1=10468","See department for permission to enroll."
"202610","BIOL790B","DOCT DISSERTATION & RESRCH","846","10469","","TBA"," ","Open","19","0","Tai, Xiaonan","Face-to-Face","3","https://www.bkstr.com/webapp/wcs/stores/servlet/booklookServlet?bookstore_id-1=584&term_id-1=2026 Spring&crn-1=10469","See department for permission to enroll."
"202610","BIOL790B","DOCT DISSERTATION & RESRCH","847","10470","","TBA"," ","Open","19","0","Russell, Gareth","Face-to-Face","3","https://www.bkstr.com/webapp/wcs/stores/servlet/booklookServlet?bookstore_id-1=584&term_id-1=2026 Spring&crn-1=10470","See department for permission to enroll."
"202610","BIOL790B","DOCT DISSERTATION & RESRCH","848","10471","","TBA"," ","Open","19","0","Edgar, Allison","Face-to-Face","3","https://www.bkstr.com/webapp/wcs/stores/servlet/booklookServlet?bookstore_id-1=584&term_id-1=2026 Spring&crn-1=10471","See department for permission to enroll."
"202610","BIOL790B","DOCT DISSERTATION & RESRCH","849","10472","","TBA"," ","Open","19","0","Haspel, Gal","Face-to-Face","3","https://www.bkstr.com/webapp/wcs/stores/servlet/booklookServlet?bookstore_id-1=584&term_id-1=2026 Spring&crn-1=10472","See department for permission to enroll."
"202610","BIOL790B","DOCT DISSERTATION & RESRCH","862","10473","","TBA"," ","Open","19","0","Soares, Daphne","Face-to-Face","3","https://www.bkstr.com/webapp/wcs/stores/servlet/booklookServlet?bookstore_id-1=584&term_id-1=2026 Spring&crn-1=10473","See department for permission to enroll."
"202610","BIOL790B","DOCT DISSERTATION & RESRCH","863","10474","","TBA"," ","Open","19","0","Garnier, Simon","Face-to-Face","3","https://www.bkstr.com/webapp/wcs/stores/servlet/booklookServlet?bookstore_id-1=584&term_id-1=2026 Spring&crn-1=10474","See department for permission to enroll."
"202610","BIOL790B","DOCT DISSERTATION & RESRCH","865","10475","","TBA"," ","Open","19","0","Bucher, Dirk","Face-to-Face","3","https://www.bkstr.com/webapp/wcs/stores/servlet/booklookServlet?bookstore_id-1=584&term_id-1=2026 Spring&crn-1=10475","See department for permission to enroll."
"202610","BIOL790C","DOCTORAL DISSERTN & RESRCH","745","10476","","TBA"," ","Open","19","0","Nadim, Farzan","Face-to-Face","6","https://www.bkstr.com/webapp/wcs/stores/servlet/booklookServlet?bookstore_id-1=584&term_id-1=2026 Spring&crn-1=10476","See department for permission to enroll."
"202610","BIOL790C","DOCTORAL DISSERTN & RESRCH","756","10477","","TBA"," ","Open","19","0","Golowasch, Jorge","Face-to-Face","6","https://www.bkstr.com/webapp/wcs/stores/servlet/booklookServlet?bookstore_id-1=584&term_id-1=2026 Spring&crn-1=10477","See department for permission to enroll."
"202610","BIOL790C","DOCTORAL DISSERTN & RESRCH","766","10478","","TBA"," ","Open","19","0","Rotstein, Horacio","Face-to-Face","6","https://www.bkstr.com/webapp/wcs/stores/servlet/booklookServlet?bookstore_id-1=584&term_id-1=2026 Spring&crn-1=10478","See department for permission to enroll."
"202610","BIOL790C","DOCTORAL DISSERTN & RESRCH","832","10479","","TBA"," ","Open","19","0","Flammang, Brooke","Face-to-Face","6","https://www.bkstr.com/webapp/wcs/stores/servlet/booklookServlet?bookstore_id-1=584&term_id-1=2026 Spring&crn-1=10479","See department for permission to enroll."
"202610","BIOL790C","DOCTORAL DISSERTN & RESRCH","841","10480","","TBA"," ","Open","19","0","Bunker, Daniel","Face-to-Face","6","https://www.bkstr.com/webapp/wcs/stores/servlet/booklookServlet?bookstore_id-1=584&term_id-1=2026 Spring&crn-1=10480","See department for permission to enroll."
"202610","BIOL790C","DOCTORAL DISSERTN & RESRCH","842","10481","","TBA"," ","Open","19","0","Fortune, Eric","Face-to-Face","6","https://www.bkstr.com/webapp/wcs/stores/servlet/booklookServlet?bookstore_id-1=584&term_id-1=2026 Spring&crn-1=10481","See department for permission to enroll."
"202610","BIOL790C","DOCTORAL DISSERTN & RESRCH","844","10482","","TBA"," ","Open","19","0","Barden, Phillip","Face-to-Face","6","https://www.bkstr.com/webapp/wcs/stores/servlet/booklookServlet?bookstore_id-1=584&term_id-1=2026 Spring&crn-1=10482","See department for permission to enroll."
"202610","BIOL790C","DOCTORAL DISSERTN & RESRCH","845","10483","","TBA"," ","Open","19","0","Severi, Kristen","Face-to-Face","6","https://www.bkstr.com/webapp/wcs/stores/servlet/booklookServlet?bookstore_id-1=584&term_id-1=2026 Spring&crn-1=10483","See department for permission to enroll."
"202610","BIOL790C","DOCTORAL DISSERTN & RESRCH","846","10484","","TBA"," ","Open","19","0","Tai, Xiaonan","Face-to-Face","6","https://www.bkstr.com/webapp/wcs/stores/servlet/booklookServlet?bookstore_id-1=584&term_id-1=2026 Spring&crn-1=10484","See department for permission to enroll."
"202610","BIOL790C","DOCTORAL DISSERTN & RESRCH","847","10485","","TBA"," ","Open","19","0","Russell, Gareth","Face-to-Face","6","https://www.bkstr.com/webapp/wcs/stores/servlet/booklookServlet?bookstore_id-1=584&term_id-1=2026 Spring&crn-1=10485","See department for permission to enroll."
"202610","BIOL790C","DOCTORAL DISSERTN & RESRCH","848","10486","","TBA"," ","Open","19","0","Edgar, Allison","Face-to-Face","6","https://www.bkstr.com/webapp/wcs/stores/servlet/booklookServlet?bookstore_id-1=584&term_id-1=2026 Spring&crn-1=10486","See department for permission to enroll."
"202610","BIOL790C","DOCTORAL DISSERTN & RESRCH","849","10487","","TBA"," ","Open","19","0","Haspel, Gal","Face-to-Face","6","https://www.bkstr.com/webapp/wcs/stores/servlet/booklookServlet?bookstore_id-1=584&term_id-1=2026 Spring&crn-1=10487","See department for permission to enroll."
"202610","BIOL790C","DOCTORAL DISSERTN & RESRCH","862","10488","","TBA"," ","Open","19","0","Soares, Daphne","Face-to-Face","6","https://www.bkstr.com/webapp/wcs/stores/servlet/booklookServlet?bookstore_id-1=584&term_id-1=2026 Spring&crn-1=10488","See department for permission to enroll."
"202610","BIOL790C","DOCTORAL DISSERTN & RESRCH","863","10489","","TBA"," ","Open","19","0","Garnier, Simon","Face-to-Face","6","https://www.bkstr.com/webapp/wcs/stores/servlet/booklookServlet?bookstore_id-1=584&term_id-1=2026 Spring&crn-1=10489","See department for permission to enroll."
"202610","BIOL790C","DOCTORAL DISSERTN & RESRCH","865","10490","","TBA"," ","Open","19","0","Bucher, Dirk","Face-to-Face","6","https://www.bkstr.com/webapp/wcs/stores/servlet/booklookServlet?bookstore_id-1=584&term_id-1=2026 Spring&crn-1=10490","See department for permission to enroll."
"202610","BIOL790D","DOCT DISSERTATION & RESRCH","745","10491","","TBA"," ","Open","19","0","Nadim, Farzan","Face-to-Face","9","https://www.bkstr.com/webapp/wcs/stores/servlet/booklookServlet?bookstore_id-1=584&term_id-1=2026 Spring&crn-1=10491","See department for permission to enroll."
"202610","BIOL790D","DOCT DISSERTATION & RESRCH","756","10492","","TBA"," ","Open","19","0","Golowasch, Jorge","Face-to-Face","9","https://www.bkstr.com/webapp/wcs/stores/servlet/booklookServlet?bookstore_id-1=584&term_id-1=2026 Spring&crn-1=10492","See department for permission to enroll."
"202610","BIOL790D","DOCT DISSERTATION & RESRCH","766","10493","","TBA"," ","Open","19","0","Rotstein, Horacio","Face-to-Face","9","https://www.bkstr.com/webapp/wcs/stores/servlet/booklookServlet?bookstore_id-1=584&term_id-1=2026 Spring&crn-1=10493","See department for permission to enroll."
"202610","BIOL790D","DOCT DISSERTATION & RESRCH","832","10494","","TBA"," ","Open","19","0","Flammang, Brooke","Face-to-Face","9","https://www.bkstr.com/webapp/wcs/stores/servlet/booklookServlet?bookstore_id-1=584&term_id-1=2026 Spring&crn-1=10494","See department for permission to enroll."
"202610","BIOL790D","DOCT DISSERTATION & RESRCH","841","10495","","TBA"," ","Open","19","0","Bunker, Daniel","Face-to-Face","9","https://www.bkstr.com/webapp/wcs/stores/servlet/booklookServlet?bookstore_id-1=584&term_id-1=2026 Spring&crn-1=10495","See department for permission to enroll."
"202610","BIOL790D","DOCT DISSERTATION & RESRCH","842","10496","","TBA"," ","Open","19","0","Fortune, Eric","Face-to-Face","9","https://www.bkstr.com/webapp/wcs/stores/servlet/booklookServlet?bookstore_id-1=584&term_id-1=2026 Spring&crn-1=10496","See department for permission to enroll."
"202610","BIOL790D","DOCT DISSERTATION & RESRCH","844","10497","","TBA"," ","Open","19","0","Barden, Phillip","Face-to-Face","9","https://www.bkstr.com/webapp/wcs/stores/servlet/booklookServlet?bookstore_id-1=584&term_id-1=2026 Spring&crn-1=10497","See department for permission to enroll."
"202610","BIOL790D","DOCT DISSERTATION & RESRCH","845","10498","","TBA"," ","Open","19","0","Severi, Kristen","Face-to-Face","9","https://www.bkstr.com/webapp/wcs/stores/servlet/booklookServlet?bookstore_id-1=584&term_id-1=2026 Spring&crn-1=10498","See department for permission to enroll."
"202610","BIOL790D","DOCT DISSERTATION & RESRCH","846","10499","","TBA"," ","Open","19","0","Tai, Xiaonan","Face-to-Face","9","https://www.bkstr.com/webapp/wcs/stores/servlet/booklookServlet?bookstore_id-1=584&term_id-1=2026 Spring&crn-1=10499","See department for permission to enroll."
"202610","BIOL790D","DOCT DISSERTATION & RESRCH","847","10500","","TBA"," ","Open","19","0","Russell, Gareth","Face-to-Face","9","https://www.bkstr.com/webapp/wcs/stores/servlet/booklookServlet?bookstore_id-1=584&term_id-1=2026 Spring&crn-1=10500","See department for permission to enroll."
"202610","BIOL790D","DOCT DISSERTATION & RESRCH","848","10501","","TBA"," ","Open","19","0","Edgar, Allison","Face-to-Face","9","https://www.bkstr.com/webapp/wcs/stores/servlet/booklookServlet?bookstore_id-1=584&term_id-1=2026 Spring&crn-1=10501","See department for permission to enroll."
"202610","BIOL790D","DOCT DISSERTATION & RESRCH","849","10502","","TBA"," ","Open","19","0","Haspel, Gal","Face-to-Face","9","https://www.bkstr.com/webapp/wcs/stores/servlet/booklookServlet?bookstore_id-1=584&term_id-1=2026 Spring&crn-1=10502","See department for permission to enroll."
"202610","BIOL790D","DOCT DISSERTATION & RESRCH","862","10503","","TBA"," ","Open","19","0","Soares, Daphne","Face-to-Face","9","https://www.bkstr.com/webapp/wcs/stores/servlet/booklookServlet?bookstore_id-1=584&term_id-1=2026 Spring&crn-1=10503","See department for permission to enroll."
"202610","BIOL790D","DOCT DISSERTATION & RESRCH","863","10504","","TBA"," ","Open","19","0","Garnier, Simon","Face-to-Face","9","https://www.bkstr.com/webapp/wcs/stores/servlet/booklookServlet?bookstore_id-1=584&term_id-1=2026 Spring&crn-1=10504","See department for permission to enroll."
"202610","BIOL790D","DOCT DISSERTATION & RESRCH","865","10505","","TBA"," ","Open","19","0","Bucher, Dirk","Face-to-Face","9","https://www.bkstr.com/webapp/wcs/stores/servlet/booklookServlet?bookstore_id-1=584&term_id-1=2026 Spring&crn-1=10505","See department for permission to enroll."
"202610","BIOL790E","DOCTORAL DISSERTATION","745","10506","","TBA"," ","Open","19","0","Nadim, Farzan","Face-to-Face","12","https://www.bkstr.com/webapp/wcs/stores/servlet/booklookServlet?bookstore_id-1=584&term_id-1=2026 Spring&crn-1=10506","See department for permission to enroll."
"202610","BIOL790E","DOCTORAL DISSERTATION","756","10507","","TBA"," ","Open","19","0","Golowasch, Jorge","Face-to-Face","12","https://www.bkstr.com/webapp/wcs/stores/servlet/booklookServlet?bookstore_id-1=584&term_id-1=2026 Spring&crn-1=10507","See department for permission to enroll."
"202610","BIOL790E","DOCTORAL DISSERTATION","766","10508","","TBA"," ","Open","19","0","Rotstein, Horacio","Face-to-Face","12","https://www.bkstr.com/webapp/wcs/stores/servlet/booklookServlet?bookstore_id-1=584&term_id-1=2026 Spring&crn-1=10508","See department for permission to enroll."
"202610","BIOL790E","DOCTORAL DISSERTATION","832","10509","","TBA"," ","Open","19","0","Flammang, Brooke","Face-to-Face","12","https://www.bkstr.com/webapp/wcs/stores/servlet/booklookServlet?bookstore_id-1=584&term_id-1=2026 Spring&crn-1=10509","See department for permission to enroll."
"202610","BIOL790E","DOCTORAL DISSERTATION","841","10510","","TBA"," ","Open","19","0","Bunker, Daniel","Face-to-Face","12","https://www.bkstr.com/webapp/wcs/stores/servlet/booklookServlet?bookstore_id-1=584&term_id-1=2026 Spring&crn-1=10510","See department for permission to enroll."
"202610","BIOL790E","DOCTORAL DISSERTATION","842","10511","","TBA"," ","Open","19","0","Fortune, Eric","Face-to-Face","12","https://www.bkstr.com/webapp/wcs/stores/servlet/booklookServlet?bookstore_id-1=584&term_id-1=2026 Spring&crn-1=10511","See department for permission to enroll."
"202610","BIOL790E","DOCTORAL DISSERTATION","844","10512","","TBA"," ","Open","19","0","Barden, Phillip","Face-to-Face","12","https://www.bkstr.com/webapp/wcs/stores/servlet/booklookServlet?bookstore_id-1=584&term_id-1=2026 Spring&crn-1=10512","See department for permission to enroll."
"202610","BIOL790E","DOCTORAL DISSERTATION","845","10513","","TBA"," ","Open","19","0","Severi, Kristen","Face-to-Face","12","https://www.bkstr.com/webapp/wcs/stores/servlet/booklookServlet?bookstore_id-1=584&term_id-1=2026 Spring&crn-1=10513","See department for permission to enroll."
"202610","BIOL790E","DOCTORAL DISSERTATION","846","10514","","TBA"," ","Open","19","0","Tai, Xiaonan","Face-to-Face","12","https://www.bkstr.com/webapp/wcs/stores/servlet/booklookServlet?bookstore_id-1=584&term_id-1=2026 Spring&crn-1=10514","See department for permission to enroll."
"202610","BIOL790E","DOCTORAL DISSERTATION","847","10515","","TBA"," ","Open","19","0","Russell, Gareth","Face-to-Face","12","https://www.bkstr.com/webapp/wcs/stores/servlet/booklookServlet?bookstore_id-1=584&term_id-1=2026 Spring&crn-1=10515","See department for permission to enroll."
"202610","BIOL790E","DOCTORAL DISSERTATION","848","10516","","TBA"," ","Open","19","0","Edgar, Allison","Face-to-Face","12","https://www.bkstr.com/webapp/wcs/stores/servlet/booklookServlet?bookstore_id-1=584&term_id-1=2026 Spring&crn-1=10516","See department for permission to enroll."
"202610","BIOL790E","DOCTORAL DISSERTATION","849","10517","","TBA"," ","Open","19","0","Haspel, Gal","Face-to-Face","12","https://www.bkstr.com/webapp/wcs/stores/servlet/booklookServlet?bookstore_id-1=584&term_id-1=2026 Spring&crn-1=10517","See department for permission to enroll."
"202610","BIOL790E","DOCTORAL DISSERTATION","862","10518","","TBA"," ","Open","19","0","Soares, Daphne","Face-to-Face","12","https://www.bkstr.com/webapp/wcs/stores/servlet/booklookServlet?bookstore_id-1=584&term_id-1=2026 Spring&crn-1=10518","See department for permission to enroll."
"202610","BIOL790E","DOCTORAL DISSERTATION","863","10519","","TBA"," ","Open","19","0","Garnier, Simon","Face-to-Face","12","https://www.bkstr.com/webapp/wcs/stores/servlet/booklookServlet?bookstore_id-1=584&term_id-1=2026 Spring&crn-1=10519","See department for permission to enroll."
"202610","BIOL790E","DOCTORAL DISSERTATION","865","10520","","TBA"," ","Open","19","0","Bucher, Dirk","Face-to-Face","12","https://www.bkstr.com/webapp/wcs/stores/servlet/booklookServlet?bookstore_id-1=584&term_id-1=2026 Spring&crn-1=10520","See department for permission to enroll."
"202610","BIOL792B","PRE-DOCTORAL RESEARCH","745","10521","","TBA"," ","Open","19","0","Nadim, Farzan","Face-to-Face","3","https://www.bkstr.com/webapp/wcs/stores/servlet/booklookServlet?bookstore_id-1=584&term_id-1=2026 Spring&crn-1=10521","See department for permission to enroll."
"202610","BIOL792B","PRE-DOCTORAL RESEARCH","756","10522","","TBA"," ","Open","19","0","Golowasch, Jorge","Face-to-Face","3","https://www.bkstr.com/webapp/wcs/stores/servlet/booklookServlet?bookstore_id-1=584&term_id-1=2026 Spring&crn-1=10522","See department for permission to enroll."
"202610","BIOL792B","PRE-DOCTORAL RESEARCH","766","10523","","TBA"," ","Open","19","1","Rotstein, Horacio","Face-to-Face","3","https://www.bkstr.com/webapp/wcs/stores/servlet/booklookServlet?bookstore_id-1=584&term_id-1=2026 Spring&crn-1=10523","See department for permission to enroll."
"202610","BIOL792B","PRE-DOCTORAL RESEARCH","832","10524","","TBA"," ","Open","19","0","Flammang, Brooke","Face-to-Face","3","https://www.bkstr.com/webapp/wcs/stores/servlet/booklookServlet?bookstore_id-1=584&term_id-1=2026 Spring&crn-1=10524","See department for permission to enroll."
"202610","BIOL792B","PRE-DOCTORAL RESEARCH","841","10525","","TBA"," ","Open","19","0","Bunker, Daniel","Face-to-Face","3","https://www.bkstr.com/webapp/wcs/stores/servlet/booklookServlet?bookstore_id-1=584&term_id-1=2026 Spring&crn-1=10525","See department for permission to enroll."
"202610","BIOL792B","PRE-DOCTORAL RESEARCH","842","10526","","TBA"," ","Open","19","0","Fortune, Eric","Face-to-Face","3","https://www.bkstr.com/webapp/wcs/stores/servlet/booklookServlet?bookstore_id-1=584&term_id-1=2026 Spring&crn-1=10526","See department for permission to enroll."
"202610","BIOL792B","PRE-DOCTORAL RESEARCH","844","10527","","TBA"," ","Open","19","1","Barden, Phillip","Face-to-Face","3","https://www.bkstr.com/webapp/wcs/stores/servlet/booklookServlet?bookstore_id-1=584&term_id-1=2026 Spring&crn-1=10527","See department for permission to enroll."
"202610","BIOL792B","PRE-DOCTORAL RESEARCH","845","10528","","TBA"," ","Open","19","0","Severi, Kristen","Face-to-Face","3","https://www.bkstr.com/webapp/wcs/stores/servlet/booklookServlet?bookstore_id-1=584&term_id-1=2026 Spring&crn-1=10528","See department for permission to enroll."
"202610","BIOL792B","PRE-DOCTORAL RESEARCH","846","10529","","TBA"," ","Open","19","1","Tai, Xiaonan","Face-to-Face","3","https://www.bkstr.com/webapp/wcs/stores/servlet/booklookServlet?bookstore_id-1=584&term_id-1=2026 Spring&crn-1=10529","See department for permission to enroll."
"202610","BIOL792B","PRE-DOCTORAL RESEARCH","847","10530","","TBA"," ","Open","19","0","Russell, Gareth","Face-to-Face","3","https://www.bkstr.com/webapp/wcs/stores/servlet/booklookServlet?bookstore_id-1=584&term_id-1=2026 Spring&crn-1=10530","See department for permission to enroll."
"202610","BIOL792B","PRE-DOCTORAL RESEARCH","848","10531","","TBA"," ","Open","19","0","Edgar, Allison","Face-to-Face","3","https://www.bkstr.com/webapp/wcs/stores/servlet/booklookServlet?bookstore_id-1=584&term_id-1=2026 Spring&crn-1=10531","See department for permission to enroll."
"202610","BIOL792B","PRE-DOCTORAL RESEARCH","849","10532","","TBA"," ","Open","19","0","Haspel, Gal","Face-to-Face","3","https://www.bkstr.com/webapp/wcs/stores/servlet/booklookServlet?bookstore_id-1=584&term_id-1=2026 Spring&crn-1=10532","See department for permission to enroll."
"202610","BIOL792B","PRE-DOCTORAL RESEARCH","862","10533","","TBA"," ","Open","19","0","Soares, Daphne","Face-to-Face","3","https://www.bkstr.com/webapp/wcs/stores/servlet/booklookServlet?bookstore_id-1=584&term_id-1=2026 Spring&crn-1=10533","See department for permission to enroll."
"202610","BIOL792B","PRE-DOCTORAL RESEARCH","863","10534","","TBA"," ","Open","19","1","Garnier, Simon","Face-to-Face","3","https://www.bkstr.com/webapp/wcs/stores/servlet/booklookServlet?bookstore_id-1=584&term_id-1=2026 Spring&crn-1=10534","See department for permission to enroll."
"202610","BIOL792B","PRE-DOCTORAL RESEARCH","865","10535","","TBA"," ","Open","19","1","Bucher, Dirk","Face-to-Face","3","https://www.bkstr.com/webapp/wcs/stores/servlet/booklookServlet?bookstore_id-1=584&term_id-1=2026 Spring&crn-1=10535","See department for permission to enroll."
"202610","BIOL792C","PRE-DOCTORAL RESEARCH","745","10536","","TBA"," ","Open","19","0","Nadim, Farzan","Face-to-Face","6","https://www.bkstr.com/webapp/wcs/stores/servlet/booklookServlet?bookstore_id-1=584&term_id-1=2026 Spring&crn-1=10536","See department for permission to enroll."
"202610","BIOL792C","PRE-DOCTORAL RESEARCH","756","10537","","TBA"," ","Open","19","0","Golowasch, Jorge","Face-to-Face","6","https://www.bkstr.com/webapp/wcs/stores/servlet/booklookServlet?bookstore_id-1=584&term_id-1=2026 Spring&crn-1=10537","See department for permission to enroll."
"202610","BIOL792C","PRE-DOCTORAL RESEARCH","766","10538","","TBA"," ","Open","19","0","Rotstein, Horacio","Face-to-Face","6","https://www.bkstr.com/webapp/wcs/stores/servlet/booklookServlet?bookstore_id-1=584&term_id-1=2026 Spring&crn-1=10538","See department for permission to enroll."
"202610","BIOL792C","PRE-DOCTORAL RESEARCH","832","10539","","TBA"," ","Open","19","0","Flammang, Brooke","Face-to-Face","6","https://www.bkstr.com/webapp/wcs/stores/servlet/booklookServlet?bookstore_id-1=584&term_id-1=2026 Spring&crn-1=10539","See department for permission to enroll."
"202610","BIOL792C","PRE-DOCTORAL RESEARCH","841","10540","","TBA"," ","Open","19","0","Bunker, Daniel","Face-to-Face","6","https://www.bkstr.com/webapp/wcs/stores/servlet/booklookServlet?bookstore_id-1=584&term_id-1=2026 Spring&crn-1=10540","See department for permission to enroll."
"202610","BIOL792C","PRE-DOCTORAL RESEARCH","842","10541","","TBA"," ","Open","19","0","Fortune, Eric","Face-to-Face","6","https://www.bkstr.com/webapp/wcs/stores/servlet/booklookServlet?bookstore_id-1=584&term_id-1=2026 Spring&crn-1=10541","See department for permission to enroll."
"202610","BIOL792C","PRE-DOCTORAL RESEARCH","844","10542","","TBA"," ","Open","19","0","Barden, Phillip","Face-to-Face","6","https://www.bkstr.com/webapp/wcs/stores/servlet/booklookServlet?bookstore_id-1=584&term_id-1=2026 Spring&crn-1=10542","See department for permission to enroll."
"202610","BIOL792C","PRE-DOCTORAL RESEARCH","845","10543","","TBA"," ","Open","19","0","Severi, Kristen","Face-to-Face","6","https://www.bkstr.com/webapp/wcs/stores/servlet/booklookServlet?bookstore_id-1=584&term_id-1=2026 Spring&crn-1=10543","See department for permission to enroll."
"202610","BIOL792C","PRE-DOCTORAL RESEARCH","846","10544","","TBA"," ","Open","19","0","Tai, Xiaonan","Face-to-Face","6","https://www.bkstr.com/webapp/wcs/stores/servlet/booklookServlet?bookstore_id-1=584&term_id-1=2026 Spring&crn-1=10544","See department for permission to enroll."
"202610","BIOL792C","PRE-DOCTORAL RESEARCH","847","10545","","TBA"," ","Open","19","0","Russell, Gareth","Face-to-Face","6","https://www.bkstr.com/webapp/wcs/stores/servlet/booklookServlet?bookstore_id-1=584&term_id-1=2026 Spring&crn-1=10545","See department for permission to enroll."
"202610","BIOL792C","PRE-DOCTORAL RESEARCH","848","10546","","TBA"," ","Open","19","0","Edgar, Allison","Face-to-Face","6","https://www.bkstr.com/webapp/wcs/stores/servlet/booklookServlet?bookstore_id-1=584&term_id-1=2026 Spring&crn-1=10546","See department for permission to enroll."
"202610","BIOL792C","PRE-DOCTORAL RESEARCH","849","10547","","TBA"," ","Open","19","0","Haspel, Gal","Face-to-Face","6","https://www.bkstr.com/webapp/wcs/stores/servlet/booklookServlet?bookstore_id-1=584&term_id-1=2026 Spring&crn-1=10547","See department for permission to enroll."
"202610","BIOL792C","PRE-DOCTORAL RESEARCH","862","10548","","TBA"," ","Open","19","1","Soares, Daphne","Face-to-Face","6","https://www.bkstr.com/webapp/wcs/stores/servlet/booklookServlet?bookstore_id-1=584&term_id-1=2026 Spring&crn-1=10548","See department for permission to enroll."
"202610","BIOL792C","PRE-DOCTORAL RESEARCH","863","10549","","TBA"," ","Open","19","1","Garnier, Simon","Face-to-Face","6","https://www.bkstr.com/webapp/wcs/stores/servlet/booklookServlet?bookstore_id-1=584&term_id-1=2026 Spring&crn-1=10549","See department for permission to enroll."
"202610","BIOL792C","PRE-DOCTORAL RESEARCH","865","10550","","TBA"," ","Open","19","0","Bucher, Dirk","Face-to-Face","6","https://www.bkstr.com/webapp/wcs/stores/servlet/booklookServlet?bookstore_id-1=584&term_id-1=2026 Spring&crn-1=10550","See department for permission to enroll."
